99.3835402978,23.7431969801,25.7981568742,0.0440520728786
99.4170203539,23.4546826714,28.7291116164,0.0814210221683
99.5021076985,23.0031280369,31.3293896014,0.11472249704
99.5187193529,23.4146166777,28.6265464332,0.151566450396
99.4007207579,22.6881590965,33.0776876259,0.188480382476
99.4119080654,23.2469658331,29.4725634483,0.225178158054
99.3842570219,23.3292419759,29.2427987406,0.257914515858
99.2176802658,23.0201390124,31.2258767016,0.294794547133
99.2868682706,23.4371062129,28.0521326669,0.331579718362
99.5183893971,22.5741786103,33.2279845098,0.36854248004
99.6158682973,24.0788766733,20.2441640159,0.405702115192
99.410772125,22.9372307601,31.2394816351,0.439005456163
99.2473929977,23.11858583,30.6559856727,0.474954925927
99.3114682311,23.0960932185,30.4084130403,0.511350704437
99.4569483875,23.0547729163,30.895853948,0.548130899401
99.2760774116,22.0426265173,36.1107207933,0.581848203397
99.5597194227,23.3311481419,28.8617735982,0.618835846399
99.3205511542,23.4348648339,28.2310198659,0.654942068503
99.2467059794,23.9694292932,23.4238434014,0.692087396894
99.2418166257,23.550057704,27.412891171,0.728838978336
99.1271813648,23.3316124638,29.1566120391,0.761736753727
99.1964591347,23.5512275666,27.9752580761,0.798364239566
99.2856895662,22.7363642925,32.7312450328,0.835579857697
99.3055669354,23.7057210827,26.6139858303,0.87233765947
99.3490908034,23.7210933107,26.114267301,0.904901714106
99.3276412077,22.4805387677,34.281826043,0.94273967635
99.1694609868,22.012458894,36.2924742567,0.97872366895
99.2142233431,22.4513764092,33.7051906282,1.01538132339
99.0658412273,22.6289527151,33.2625906727,1.04860131193
99.084371573,22.1986251016,35.5186572094,1.08527482822
99.0344109619,22.8454055563,32.3608180364,1.12242388881
99.2376483498,23.2386495069,29.8522191079,1.15880349446
99.2096931579,23.3310554299,29.6025773517,1.19564278257
99.1927430088,23.8679457662,24.6552778769,1.22908203777
99.2972261262,22.8681414973,31.9473552714,1.26587840559
99.2730261779,23.8569397044,24.5069712076,1.30248629739
99.2790390836,22.7940459258,32.1362127112,1.3393933871
99.2685671022,23.6612306866,26.0290090314,1.37261586377
99.0974444745,22.7965856061,32.5832738983,1.4092411725
99.160231736,23.396373429,29.0791331329,1.44588141001
99.3110574628,23.1192351691,30.1168109708,1.48232290795
99.1966740122,23.0396099356,30.919847341,1.51884029394
99.2471437449,22.9019320321,31.5730772677,1.55202855878
99.0289403912,23.2084792612,29.624919949,1.58916735583
99.4179838527,22.7312827306,32.6873986533,1.62596807788
99.3812055647,22.8722008949,32.0620282944,1.66209296098
99.2637266464,22.9156354594,31.5844256302,1.69572038119
99.3118807763,23.1317330233,30.3735902523,1.73230494675
98.9480771114,23.7010177975,25.9514449189,1.76923007542
99.1897339184,22.9861907667,31.2677041177,1.80611041772
99.1531548385,23.080895698,30.6482550722,1.84239640739
98.9467160055,22.0856486102,35.702989146,1.87609691649
99.1223654979,23.2507191325,29.2063913042,1.91291256734
99.2261601906,22.8266832066,32.0134698868,1.94935033308
99.2125193631,22.3508829483,34.2052873877,1.98591219443
99.2852419804,23.8861363112,23.956203706,2.01977971942
99.2083598374,23.8585993407,24.6748274274,2.05568502483
99.1400072483,23.8798476936,23.5811042871,2.09247610538
99.2033984596,23.3154964301,28.836944833,2.12986900294
99.455577336,24.3559131039,16.5508874138,2.16384973795
99.4267251463,23.9563812234,23.2965266882,2.2002274775
99.274578747,23.0708629917,30.6749905243,2.23656602897
99.3112261637,23.6056504298,27.093814821,2.27294407954
99.1177175535,23.0616753975,31.3756483101,2.30949194514
99.2723131103,23.3748911865,29.2888661312,2.34281114795
99.1865250439,23.6664978318,26.5497612602,2.37985010868
99.3638293604,23.4207748361,28.5867365077,2.41609224502
99.1714473405,22.5335907719,34.1696467417,2.45308673039
99.3396845066,22.7384321772,32.7250623464,2.48617826909
99.1286248498,22.7381540538,32.5505553361,2.52257249251
99.2479959561,22.9155313999,31.6915017212,2.55949326696
99.1767843016,23.075076463,30.8122349582,2.59616180698
99.121573388,23.0260534634,31.2885950536,2.63281261906
99.1097560744,22.9141236011,31.832051404,2.66602047795
99.1874424039,22.8334906526,32.0720598764,2.70298417268
99.0545434622,23.1329566662,30.5497116391,2.73990463611
99.2409154308,23.0156119809,31.4740269471,2.77636479504
99.0790799067,24.2776322393,19.7247284458,2.81071812788
99.2534096029,22.8576272238,32.4374766922,2.84714376398
99.1148744258,23.210985984,30.4090312982,2.88315792518
99.1427021373,22.7584749323,32.9852465777,2.92006221575
98.985246371,23.0904728896,31.1265916558,2.95655129922
98.9517082543,22.519426581,33.9927022006,2.99004156114
99.0505188303,21.9497313427,36.791051225,3.02708612017
99.0822119603,23.2234472673,29.7469388086,3.06399258785
99.2915561456,23.1594380892,30.2188029984,3.09981889506
99.2035926255,23.16936568,30.8210472225,3.13317293173
99.2187204672,23.2050728523,30.2481128367,3.16979388622
99.2417792734,22.4929252987,34.5070061245,3.20711213982
99.2459398106,22.5545039352,34.1302496537,3.24324479833
99.2470483732,22.8630409613,32.2671166247,3.2801341601
99.267225114,22.222059064,35.7271347987,3.31357123818
99.090768003,22.5826692055,33.6581500981,3.35009360043
99.170637169,21.9419902647,36.6735917871,3.38698638338
99.1838839424,23.1706808479,30.4120525342,3.42393359423
99.3736174142,22.161066395,35.6069634979,3.45704192783
99.2109316539,22.5609916099,34.215411617,3.4935742426
99.0451253636,23.0223848494,31.3267848224,3.53038927142
99.0488433836,22.1601033945,35.9773640701,3.56729853825
99.1202639712,21.6233967244,38.1688394689,3.60373785908
99.4394045992,22.6734190231,33.3876201695,3.63725238029
99.1903145351,22.0026242065,36.5860983511,3.67415231662
99.1420116803,22.6707093312,33.5631104625,3.71072817371
99.1304897748,22.5226600135,33.9881997132,3.74682817549
99.1833195629,22.5585710542,34.1329823179,3.78032465773
99.1284506261,23.00233585,31.4511057922,3.8171875831
99.0431157883,21.9683068479,36.6149918106,3.85412142024
99.1436157717,23.5649483377,27.8377115058,3.89108355988
99.2772342075,23.1349897025,31.0523507707,3.92734529026
99.0647657721,22.3957761488,35.10903327,3.96091952665
99.3944035586,22.9243798007,32.2440811682,3.99733645428
99.1169331706,22.2483584183,35.3680218933,4.03412504669
99.0771224303,22.2944452521,35.0814721198,4.0703441678
99.2008957144,22.216246597,35.4972210108,4.10385526783
99.0123781302,22.3623356176,34.9224404872,4.14071757116
99.0754107428,23.3586181935,28.9335972287,4.17771081246
99.0427779406,23.1011208825,31.1538310843,4.21431061783
98.9807886298,22.9317392344,32.1052037202,4.25074682849
99.014443047,23.2486116088,29.9959456452,4.28409651092
98.9157601199,23.879989709,25.094236734,4.32117621482
99.2436800969,23.2498931354,30.2360356632,4.35788207683
99.0872270739,23.3807280801,29.0937382933,4.39415344872
99.1390472161,23.0119288526,31.4171447834,4.42768352076
99.1362891107,23.763355662,26.0620822013,4.46465219175
99.0984431823,23.3605421365,29.3788282597,4.50129398435
98.9845644834,23.8427940716,25.7814263353,4.53775538735
98.9949823226,23.7785477988,24.9138600367,4.57424353778
99.0216079838,23.4954125023,28.4284239584,4.60769896584
99.0831198645,24.4594297269,13.0363956924,4.64566786605
99.2640187735,23.7841840315,25.5653774562,4.68218151983
99.0634133885,23.2470769992,29.6490825634,4.71797983555
99.1943830966,23.2322748962,31.0183931849,4.75097402608
99.1555284869,23.4303470014,28.4816575448,4.78778936591
99.1812868165,23.4649638465,28.6772679831,4.82421842319
99.2493919381,24.4491685912,15.8689313485,4.86230519867
99.074011018,24.1559813727,21.8023110352,4.8951547665
99.1384495915,24.376120197,17.9899755175,4.93165411352
99.2477409586,23.6241018882,27.3465398152,4.9686996056
99.0033160105,23.0666474178,30.7257161899,5.00480613872
99.0981003376,24.0582573433,22.558892875,5.04200340688
99.1024865198,23.5668675829,27.4563842179,5.0748980721
99.2306615789,24.2638038252,18.8792169446,5.11175508815
99.0244342419,23.4217993173,28.8623080842,5.14902046893
99.1412500268,23.5260813435,27.7168176512,5.18477710844
99.2576269681,23.0682025585,30.9674923666,5.21840639475
99.0733805314,23.6397709502,26.9034580012,5.25492533581
99.1525201092,24.0697772475,22.4615341795,5.29207906165
98.9007014875,22.8787378498,32.1859116159,5.32873516101
99.0570360653,23.0077172907,31.5353607304,5.36467809943
98.9017919784,23.7616798892,25.4125909578,5.39849026347
99.1554546284,24.2669376494,19.2680481743,5.43529907196
99.1911623866,23.8341671241,25.0667555277,5.47178535628
99.1382904589,23.7757997295,25.3065203422,5.50794040799
99.1367057094,23.5350551704,27.4472325886,5.54163220862
99.2612867102,23.9978935967,22.8691717763,5.57864286685
99.0889171218,24.2697307783,18.4243843676,5.61537734238
98.9981994643,24.3310531462,19.2368916875,5.65143442387
98.7719863241,23.5728532728,27.3844109221,5.68921889127
99.1355761292,22.8858432359,32.205832706,5.72196955583
99.2358270209,24.5888860727,9.24668598724,5.76051601378
99.1837043613,24.5428096362,14.6614028501,5.79515330472
99.2011940475,23.7366094645,26.4523631302,5.83297136191
99.4772022916,23.7163729924,26.6129181639,5.86491182836
99.4559466777,23.4389961933,28.8091115743,5.90173960886
99.4850844515,24.4156334042,14.9015217523,5.93997940448
99.2740586437,23.5391732421,27.516921055,5.97612699179
99.4338849772,23.8934579955,24.5720211772,6.00872805739
99.4590111704,23.0044948193,31.5786342368,6.0456217734
99.10764979,22.6626581557,33.2919951863,6.08192797914
99.1267440128,23.9679116254,24.3054371905,6.11905682366
99.1254571558,24.4221770678,15.754768565,6.15585505758
99.3263143966,23.8535037413,24.6666821365,6.18963736404
99.1441100462,23.4237609793,28.7625055035,6.22583440297
99.2977621222,23.9116634878,24.3539726918,6.26212225874
99.3703304841,22.9341308533,32.2509317821,6.29923772954
99.289873426,22.7820537394,32.8505431311,6.33190597472
99.2158269944,23.510517382,27.2787959065,6.36948486018
99.4955033801,23.5834843907,26.8900360597,6.40527166829
99.4932925651,23.9130604899,24.4523675439,6.44231031801
99.4808765903,23.7652071149,26.2465658943,6.47883081415
99.1518747567,24.3119013774,18.7962619679,6.51286037876
99.2769108285,24.3013633151,19.2180920658,6.54854330734
99.3414546283,23.8189706294,26.1726386195,6.58614831819
99.3456504763,23.3294112948,29.5821961856,6.62231829869
99.373829694,23.926826393,24.6508561416,6.65583499701
99.229473927,23.7018405782,26.529418949,6.69224663737
99.4210524363,24.1380769161,22.0110335895,6.72945448008
99.086857956,22.8023941394,32.7081248528,6.76642906039
99.168205241,23.0838956605,30.974204189,6.80249267323
99.2298360073,23.4003794358,29.3485870841,6.8356625881
99.4505673854,23.6906106934,26.7763163151,6.87259798032
99.2815653861,24.1089309353,22.1383523791,6.9097318011
99.2523067252,23.5905911956,27.5743763342,6.94644201734
99.3327843653,24.3766359532,18.6536071518,6.98013475103
99.1690476263,24.0493896923,23.4223227858,7.01619774183
99.3071232751,24.5824803564,10.7198015237,7.05389388053
99.2746746353,23.7519727351,26.4514949913,7.09040784533
99.2865667035,23.8948687834,24.7407313181,7.12244721505
99.2420426097,23.8771683831,25.4011156613,7.14236533683
99.1621790498,23.9950781363,23.6667992454,7.17942824584
99.1652282614,23.7360979258,26.7805731998,7.21298662038
99.2373575658,24.0737985006,23.347608836,7.2497151866
99.2705996537,23.0313144541,31.6621250421,7.28679457948
99.3304908323,23.0906168825,30.8536225554,7.3227602221
99.3396536839,22.6004253287,33.6628312247,7.35972360581
99.2661304982,22.8792304736,32.1946051555,7.39260458631
99.5247459709,23.7970212706,25.6554417181,7.43024816321
99.2882327879,23.7319644286,26.0888716095,7.46605736451
99.3586783366,23.9133749028,24.5875827439,7.50284657896
99.1744498144,23.7305370595,25.7367245878,7.53621087917
99.1591242457,23.1495466811,30.6126394079,7.57311516974
99.2701417553,23.0925723918,30.9364326403,7.60936010522
99.4104044753,22.7487065414,32.5057897663,7.64637853886
99.3282869338,22.7484336145,32.4838436843,7.68265364295
99.4462751111,23.9168718675,22.7058312462,7.71724832463
99.4425135844,23.4360128098,28.2176686716,7.75339093567
99.3221607333,23.4907218125,27.9632384955,7.7894393087
99.3166443772,22.7243307133,32.7145624889,7.8267746682
99.3928993271,23.4072493593,28.5706808828,7.86021672255
99.2904323786,23.0529871545,30.8997798774,7.89649929104
99.5028651787,23.0082643556,31.0435932888,7.93295043049
99.2504476351,22.932951715,31.6541406588,7.96999903274
99.345815133,23.2780093905,29.6604210392,8.00665388803
99.4010921079,23.5324372688,28.0327008835,8.0397597335
99.4590226095,23.2770367921,29.6486476437,8.07650602766
99.5634576024,23.0856114721,30.9108038603,8.11316896938
99.4285972234,24.1323452129,21.9537594732,8.15094535035
99.2270554666,23.1009978292,31.0226088952,8.1838272639
99.4575966128,22.9267969346,32.0211161162,8.22001155115
99.5874756264,23.7697498883,25.8638866531,8.25719078035
99.3986145877,23.0999342616,30.4730683737,8.29376570439
99.458009127,22.6738925224,32.9629456736,8.32669862465
99.4273210575,22.7245147573,32.8315249239,8.34673617679
99.1342859163,23.136472193,30.6720149762,8.38352974547
99.4428571456,23.0515763737,30.8679625963,8.41655939188
99.2079412193,22.9213382097,31.8106974382,8.45341454183
99.3094309622,23.2150836018,30.2446310889,8.49026595958
99.3444139743,23.896551545,24.5495403621,8.52722685516
99.4362915836,23.7028630808,26.5565938199,8.56355700918
99.3692680706,23.1669704966,30.3119395198,8.59716110315
99.3227191991,22.8857329345,32.0478710995,8.63353293339
99.2875000877,24.5004887502,0.0108253021037,8.67361954528
99.2876000877,24.5005887502,0.0107253021037,8.70661155868
99.2928463804,23.6791274783,-26.5159695983,8.74384988102
99.3490602461,23.0304104387,-30.8905518555,8.77725772355
99.5224772315,23.4689930971,-28.1783878858,8.81383389166
99.4126706332,23.6897440572,-25.9360307622,8.8503637183
99.449081271,23.4086686138,-28.6402347621,8.88391431743
99.4019760526,23.6898886564,-26.4730624653,8.92049141859
99.1981043421,23.5606863911,-27.4054403366,8.95704052826
99.3805275357,23.5652326015,-26.9867649582,8.99380828256
99.5308042206,24.5475411008,0.0426519575789,9.03178122598
99.5309042206,24.5476411008,0.0425519575789,9.06340849878
99.4283727408,24.3033111437,18.9069848236,9.10404156674
99.3339740314,24.0894104567,22.612432355,9.13742670506
99.4610563137,24.1076785571,22.3684682493,9.17359855166
99.3247947241,22.3425419267,35.0633486116,9.20819696554
99.2561243063,22.7387401035,32.9375051133,9.24399714736
99.1141203369,23.2478450448,29.8866656147,9.28091170147
99.1470769856,23.709651592,26.3544836777,9.31752799071
99.1174741307,23.7388933376,25.5658624675,9.35389297858
99.2828598635,23.4272084061,28.4378435181,9.38758820041
99.3620096461,24.1044794549,22.1571422374,9.42433822676
99.2954169168,23.7239405104,26.4620054388,9.4612251004
99.2302774785,23.0177224144,31.4198921969,9.49778696175
99.2499649754,23.8637360078,25.2605929864,9.53139105572
99.177570778,23.1185428268,30.521495673,9.5676639827
99.0889097532,22.6973575234,33.168658841,9.60423268641
99.265720241,22.9661876156,31.9167809679,9.64089314
99.3438912435,23.6279518273,27.0210284221,9.67818464617
99.1177947987,23.0942865138,31.1002856188,9.71108459868
98.9780017945,22.6468903197,33.7253812038,9.7477494065
99.1554537533,23.6440941403,26.9455625937,9.78465276402
99.24689594,22.9796799005,31.5114917697,9.82129548967
99.162800827,23.3600154866,29.5385079142,9.85439915802
99.4392031031,22.8829837138,32.6001571866,9.89127607913
99.3331440341,22.8910952668,32.5624647281,9.92737359277
99.3797920777,23.4539272806,28.5513051652,9.96486757071
99.2418507617,23.8988635274,24.9152203946,10.0014776396
99.3191648198,23.808929412,25.5231031667,10.0343144558
99.2887389535,23.60054122,27.3069731199,10.0716128043
99.3547286763,23.6286084547,27.2631422211,10.1078033119
99.3301663083,23.723809111,26.5381662075,10.1445194374
99.1547401079,23.1337502855,30.6526179657,10.1781045594
99.3778955342,24.0959021654,22.4710742869,10.2152595293
99.1534418555,24.5171485773,0.00330099706234,10.2527189844
99.074880074,23.2498290436,-29.6901073607,10.2910060546
99.3371685797,23.3876934071,-28.2012789669,10.3213366994
99.441471943,23.6555489277,-26.8109999583,10.3412632186
99.2022892293,23.4398478062,-28.3948292303,10.3779715687
99.148769053,23.5548467282,-27.1634976289,10.4111206455
99.4039701954,22.8165897803,-32.7506186031,10.4483738966
99.3881958357,22.7110708073,-33.146555801,10.4846290957
99.3758599625,22.7919672089,-32.6590387971,10.5212864391
99.3614680026,23.3331180435,-29.0246092361,10.5550510176
99.3035565413,23.3217734894,-29.2130520945,10.5911370236
98.9222384046,23.1104253329,-30.5027626863,10.6281678979
99.2008132329,22.9341753147,-31.7353852758,10.6648889997
99.1532967467,23.6008341781,-27.2736926263,10.7020088248
99.2660908089,23.2015468358,-29.8218258047,10.7351162253
99.309639442,23.2272125116,-29.8515797204,10.7712591474
99.2203044025,23.7012792025,-26.8035310953,10.8084287351
99.3321706197,23.1524558558,-30.6174665,10.8451946233
99.3715846101,23.1812917322,-30.7258184632,10.8780706275
99.235433419,23.2531958142,-29.8012816774,10.8982512473
99.3929278543,23.601731883,-27.1859021212,10.9351514946
99.4103619546,23.9292175649,-24.3877835096,10.9686815666
99.4818656445,23.5423309964,-27.6376298367,11.0051914882
99.3971242221,23.4215754794,-28.6650411725,11.0417157166
99.4497617253,23.0129613902,-31.7242512507,11.0784956005
99.1436084522,22.4932716491,-33.8951001383,11.1152925904
99.0922946795,22.8889427353,-32.4614905257,11.1485411924
99.0456306225,23.1364962621,-30.5086036832,11.1850946563
99.0856857202,23.2696247636,-29.454214383,11.2220054782
99.229955771,23.9661246604,-23.2801504476,11.2590503483
99.1973209564,24.5505886875,0.0246661368231,11.2933178406
99.1357599215,24.3213596861,18.7499306241,11.3322437387
99.1738653716,24.0345719504,23.1919912724,11.3657439531
99.37482227,24.0720031691,22.6256686664,11.401883765
99.4010985118,23.825430933,25.5425596674,11.4386508973
99.3128457563,24.1683895753,21.4696759301,11.4725078477
99.3958024745,23.7748757657,25.863227659,11.5092581851
99.4297855401,22.8914943062,32.1715257929,11.5459158395
99.1986395388,23.1311479787,31.295470517,11.5820320142
99.3784019786,23.2636964812,29.9157911071,11.6155148117
99.2679372137,23.3694422947,29.5624875767,11.6519951867
99.2130914982,23.8317527502,25.8421568342,11.6889685229
99.1599709092,23.0966918267,30.9974148009,11.7260301879
99.2066976049,23.4110926243,28.4548911419,11.7590445945
99.527835328,22.2991489487,35.095904904,11.7959180944
99.430176854,23.1813570937,29.9878196779,11.8326625225
99.3902374014,22.7599043356,32.5582850746,11.8690511476
99.2379786013,23.1478903437,30.6387455414,11.9057753596
99.3917308107,23.889883389,24.7460489423,11.9395309186
99.3673932382,22.7811942936,32.7076533196,11.976394777
99.3269895632,23.4872296152,28.0722899284,12.0128683097
99.3214160449,23.4882168725,27.8845641287,12.0488227557
99.4161412096,23.851145275,24.6294877507,12.0828485881
99.2807968875,22.4951888495,34.122833611,12.1197631422
99.4972212771,23.2061719906,29.628585382,12.1561654521
99.3556510905,23.0800854896,30.7286658445,12.1928862429
99.3274821107,23.0958082609,30.7172977088,12.2289041363
99.4336516894,23.8888198357,23.970476489,12.2630935634
99.3194328304,23.813411909,25.5006741115,12.2991410034
99.2506798025,22.7206565432,32.5837201168,12.3363696842
99.1619103184,23.2191728566,29.8727394936,12.3730369802
99.2408683957,22.9519285533,31.7316213304,12.4060995943
99.2520999986,23.0995307352,30.6483526383,12.4426250668
99.3762812051,23.0944943397,30.9871290638,12.4792276713
99.3205556132,23.1059364724,30.6528091654,12.5159543714
99.3549174623,23.1579824709,30.2060409989,12.5525305395
99.3093352407,23.6661761262,26.2140661023,12.5865162508
99.4964273464,23.2226466266,29.6254814089,12.6230140427
99.3878346093,22.7133629224,33.2139097493,12.6597687343
99.3102529173,23.4586171899,28.575723588,12.6967722392
99.2447249409,23.0568766321,31.136753197,12.7300615844
99.2702983415,23.3229501469,29.242106377,12.7663404207
99.4381964445,23.142565718,30.8500434219,12.8029315176
99.682785507,22.7496375289,33.0794009874,12.8397785811
99.3889880818,24.4832767337,0.0256302381698,12.8801015656
99.3740609383,23.6361709731,26.825846302,12.9131007324
99.4414146905,23.0481155562,31.3331272854,12.946679323
99.377933153,23.5253287677,27.9505496752,12.9833742994
99.319324942,22.8027629223,32.4483559584,13.0201647579
99.2811957766,23.3469860651,29.7774746556,13.0533222321
99.1660919956,23.2055419041,30.3384892986,13.0896402565
99.2933413207,23.078843916,31.0064205913,13.1262879584
99.1885558135,23.5056416072,28.0528732783,13.1633773038
99.1812601718,23.1181467042,30.4563454774,13.1966535863
99.3597395232,22.8545644883,32.1883966425,13.2332449943
99.4492636519,23.7264351131,26.2452881206,13.2704385302
99.3652520382,23.7693715536,26.0438344214,13.3063457017
99.2667492227,23.2121967225,29.7680770321,13.3435115572
99.4023742897,23.5898326554,27.6978628607,13.3766457052
99.3712433813,22.906018283,32.1467406778,13.4136252618
99.3132725042,23.1110593508,30.9595105993,13.4500751571
99.2131010438,23.8102140591,25.580292686,13.4872136432
99.3133273194,23.3511275917,29.6339083282,13.5203717394
99.3800034936,24.6129275462,12.0990589406,13.5585698588
99.2496758841,23.4772338284,27.7918640118,13.5950300178
99.2407933999,24.5462988997,-0.0389566364366,13.6324496627
99.2408933999,24.5463988997,-0.0390566364366,13.6662982157
99.2182284073,23.115592138,-30.9540151091,13.7040727306
99.2608132936,22.8795416301,-32.407364004,13.7369530891
99.2802557396,23.8420319627,-24.7086522898,13.774184569
99.3831650549,22.7100199925,-32.9853381613,13.8106581017
99.3992276591,22.7409843316,-32.8748966997,13.8433953925
99.5331364157,23.5760559539,-27.3677903243,13.8810943304
99.6098644566,22.7663707151,-32.6319725288,13.9173271362
99.4170239357,23.4127437907,-28.1112460803,13.9540432618
99.4064177457,23.334551343,-28.8250507105,13.9903466684
99.2880188603,23.6264299908,-26.4651043949,14.0238658548
99.2166914599,23.2650341483,-29.3935281467,14.0606696871
99.3923298283,23.0744941623,-31.072809972,14.0971416646
99.2143811951,23.5500441856,-28.1257281118,14.134005834
99.0440075121,23.7677820791,-26.1151592213,14.167027394
99.2353716896,23.4167236218,-28.4809356068,14.2040312099
99.1041852769,23.7649127525,-25.7302658689,14.2409392327
99.2161971601,24.3058170034,-19.3409787353,14.2780226688
99.1700436883,23.4301217118,-28.4829465325,14.3145590267
99.1743665959,23.9153403334,-24.7535372161,14.3473846463
99.3679880568,23.8254914181,-25.7629215295,14.3840080889
99.1854854199,23.9487047648,-24.5498921805,14.4206735188
99.2490864873,23.9784667394,-24.3298601042,14.4570705414
99.2428836151,23.8671649028,-25.5145417455,14.4906136761
99.3776183297,23.6932423952,-27.0231318232,14.5273472186
99.1716918084,23.7392314891,-25.7522450757,14.5638434554
99.1713798127,23.8766126341,-25.006888434,14.6005909936
99.2757542096,22.8614169814,-32.5450544402,14.6345636422
99.2654741847,24.4484682706,-15.5116460446,14.6721652319
99.1629752481,23.9731234067,-24.0364874824,14.7083299251
99.2398706454,23.5954199912,-27.6190524519,14.7446781181
99.283934468,23.6508795224,-26.5758277553,14.7808123317
99.245402078,23.8843009049,-25.3137111691,14.8141246921
98.9291452459,23.7574815982,-26.394726054,14.8509876175
99.2926858159,24.0052372343,-23.7641200238,14.8877130735
99.3121287109,23.2979040052,-29.5183464375,14.924520949
99.4031084493,24.4391849573,-17.4542065215,14.9585635763
99.405877185,23.5171687736,-27.8787403407,14.9953450153
99.3008797501,22.294603376,-34.9796738732,15.0314798509
99.2989635724,23.1842940517,-30.3373910359,15.0679959929
99.3806435579,23.4155310647,-29.1128137838,15.1010060452
99.3099727617,23.7382526439,-26.8587572159,15.1378356918
99.2524653634,24.3713652925,-17.3929105808,15.1752077513
99.2531834189,23.627474683,-27.3776633491,15.2117658804
99.4101123314,23.7060376991,-26.6877835337,15.2475931207
99.4583075298,24.298797867,-19.3643478445,15.2816796013
99.3215701308,23.9201638501,-24.83993877,15.3181391382
99.5711699576,24.6495443362,-8.84735686949,15.3562784755
99.2566351832,23.5250447827,-28.4798055,15.3932819804
99.310322847,23.2532501183,-30.2018979075,15.4245102189
99.3667534014,23.3999088279,-29.4609155458,15.4444544661
99.5442894023,23.7551705454,-26.6937569198,15.4818031993
99.3267360439,23.5399793626,-28.4702577714,15.5146378383
99.3222679221,23.8923304128,-26.2027097142,15.5515834941
99.2303199485,23.3784052578,-29.6454949274,15.5885101779
99.3225285598,23.0989107246,-31.4579980325,15.62472961
99.2570490628,22.8451280239,-32.5182867362,15.66151136
99.1962689386,23.3233482229,-29.3458315504,15.6948678848
99.1998267044,23.6224588889,-27.2833785474,15.7319000032
99.3078502351,23.402673626,-29.1876928815,15.7681458717
99.092948555,23.8826934741,-24.4388913783,15.8050871733
99.2235066771,23.0129784738,-31.0087662183,15.8386825588
99.4699761245,24.1422300519,-22.5119401142,15.8760197844
99.154859315,24.4030217777,-15.7582204312,15.91217297
99.2150521781,24.2894571683,-19.7917082614,15.9485108994
99.3983082464,23.1392505169,-30.5854841749,15.9826863308
99.2427749714,24.1507002976,-22.3746741081,16.0188575554
99.1687160158,24.3827121988,-18.2690030227,16.0558623043
99.2797931613,23.3013353651,-30.1737165803,16.0925526154
99.2986741552,23.3233865372,-29.5737219422,16.1282554491
99.2491109627,23.4113253868,-29.3174372861,16.1615177359
99.4710874023,24.6643674417,-0.0254495374988,16.20106349
99.4711874023,24.6644674417,-0.0255495374988,16.2346971305
99.4712874023,24.6645674417,-0.0256495374988,16.2713799773
99.4713874023,24.6646674417,-0.0257495374988,16.3047744461
99.4714874023,24.6647674417,-0.0258495374988,16.3247050086
99.4715874023,24.6648674417,-0.0259495374988,16.3613340495
99.4716874023,24.6649674417,-0.0260495374988,16.3946989717
99.4717874023,24.6650674417,-0.0261495374988,16.4314185185
99.4718874023,24.6651674417,-0.0262495374988,16.4681542381
99.4719874023,24.6652674417,-0.0263495374988,16.5048286874
99.1315898604,23.9573039711,25.0980891204,16.5432784192
99.1675439439,23.2962806481,30.1900453881,16.5755942826
99.2809413157,23.3389430623,29.4814730754,16.6117832352
99.2479447303,23.0938232312,31.4367171305,16.6488368137
99.3337759243,24.4817502982,16.0049978475,16.6866862835
99.2054316558,24.1205039637,23.1097734874,16.7193448872
99.1873070051,23.8379316886,26.0059707016,16.7557195166
99.2753485188,23.6168686819,27.2439218044,16.7920897917
99.2968840684,23.8843332545,24.6866562778,16.8290880093
99.2908286887,24.4743910834,13.7029807811,16.8630594138
99.2420553361,23.8843097733,24.99208061,16.8998579587
99.1943989432,24.0820770068,23.2668485663,16.9356345033
99.0708958803,24.3802598908,17.7935405386,16.9727241597
99.4194184849,24.5255891563,14.3754465813,17.0096365367
99.1171872453,23.9298947962,23.6715345463,17.0437102657
99.2726859459,24.5386758115,-0.0607786420662,17.0805840766
99.2436995299,24.4070267707,-18.3986592196,17.118650325
99.2749011518,24.5313446547,-0.0572748068312,17.1535348741
99.2955127961,24.6135672155,-0.0472404653829,17.1890893529
99.2956127961,24.6136672155,-0.0473404653829,17.2220707917
99.2957127961,24.6137672155,-0.0474404653829,17.2590655881
99.2958127961,24.6138672155,-0.0475404653829,17.2953030592
99.0166550885,24.6371811162,-0.00722816028146,17.33572588
99.2388636583,24.342248053,19.3880128948,17.3740076628
99.2397284407,24.2374952596,20.9351104409,17.4028899036
99.2210865542,24.4669277727,14.8498400432,17.4398570195
99.1067968795,24.5587063789,-0.00782267647084,17.4779692983
99.3119471601,24.589499199,-0.00541345413851,17.5119127113
99.3120471601,24.589599199,-0.00551345413851,17.5454773062
99.3121471601,24.589699199,-0.00561345413851,17.5822217343
99.3122471751,24.5897991978,0.151870135572,17.61890427
99.4247328375,23.9229622767,24.8783272367,17.6593653459
99.4178174334,24.5869951567,-0.0222456201825,17.6917403024
99.3392585409,23.9196275735,24.8862328257,17.7294824716
99.4092014708,23.7837215007,25.9505669208,17.7627652855
99.4442701251,23.0823538306,31.0256910833,17.799799892
99.4635419298,24.1644867454,22.1015419016,17.8335678916
99.5648375083,23.830480914,26.4655755882,17.8698016305
99.3958281047,23.5093090289,28.3355379532,17.9065886679
99.4401240161,23.5458717732,28.2117088944,17.9426258443
99.4641985547,23.3419888482,29.7944209636,17.9796623169
99.6203938961,23.8384649552,25.0617099414,18.0131130797
99.5132324835,23.9205905431,24.6682404883,18.0495875454
99.4177147276,23.9793339738,24.0815283531,18.0861005772
99.4993220848,23.5833827348,27.0043146739,18.1233401436
99.4886640001,23.7981773998,25.5252996378,18.1563287358
99.3637026112,24.0525505695,23.1548946493,18.1935698573
99.3793941262,24.0391403407,24.068406908,18.2296297379
99.4708414577,24.199519206,21.2787005404,18.2665449141
99.4330047822,24.0622969024,23.21217349,18.2999166787
99.4507616292,23.2411996535,30.1291027381,18.3368794403
99.5928557944,23.503204988,27.9798624214,18.3734142433
99.5063791189,23.7105939546,26.4720531506,18.4098265056
99.4714714477,22.9672560103,31.5136285124,18.4468278334
99.5258823826,23.7083141293,26.1123001698,18.4806723431
99.4440946108,23.7065588275,26.7492919143,18.51662399
99.2657381327,23.452104392,27.9939206247,18.5533015495
99.3392431535,23.643358984,26.7341980493,18.589960137
99.2323582858,23.9193154275,24.6647015209,18.6234392023
99.3564363031,24.2222308222,20.2088422339,18.6602408574
99.176151361,23.3515202849,29.4672027772,18.6974770027
99.0378892968,24.1357955249,21.7613055989,18.7337984482
99.3822020998,24.2416417827,20.9555260238,18.7666162924
99.3459462208,24.5947855012,0.00837666003046,18.7887522731
99.3460462208,24.5948855012,0.00827666003046,18.8230241196
99.3051999286,23.8868512788,25.3149623714,18.8601772234
99.2391996996,24.368672447,19.9323175026,18.8938173953
99.441097457,24.242435419,21.5245651524,18.9302190832
99.2202921421,23.1739563083,31.3723149177,18.9676116697
99.1237701647,23.7202312868,27.2657816045,19.0038289247
99.1042140803,23.9343878278,24.5121008069,19.0370355395
99.0333555045,23.0966733425,31.2600814483,19.0742548899
99.0919060145,23.8929710166,24.9273065809,19.1107327768
99.2895336463,24.4205506729,17.8617396445,19.147424332
99.2057473216,23.4149601323,29.3680102125,19.181216591
99.2581179011,23.961539005,24.7169495883,19.2172298191
99.3384421876,23.6911328489,26.9134910466,19.2538877846
99.4786805504,24.6425238445,12.0896755414,19.2919823355
99.2897869493,24.6147269849,0.0236726119375,19.3276363395
99.1556808809,24.6139867054,0.00119434555696,19.362584025
99.1270373662,23.4781624863,-28.195526173,19.4121553976
99.2067421422,24.0458273538,-23.4177801649,19.4341116108
99.1980974313,23.1429708084,-31.1169674495,19.4712283256
99.0253661984,23.5826652095,-27.9120854403,19.504351277
99.1463150694,24.5800006315,0.000255482559907,19.5428828062
99.2200827868,23.806896053,-26.2128974253,19.5796944138
99.11176198,23.9728208824,-23.9015898637,19.6139864764
99.1737990389,24.5622081514,-15.2990670441,19.6514303807
99.0878508906,23.9208850894,-24.8130143331,19.6849184655
98.9697748843,23.469844917,-28.5212401309,19.7209587521
99.1030350708,24.5815125493,0.00734439841991,19.7599400111
99.1490181512,23.3247804196,29.8014996679,19.7975297822
99.2030016355,24.2937971784,19.5012480904,19.8280644538
99.3345600686,23.0453271412,31.4742714922,19.8648735733
99.2573673632,23.9623184254,23.9691121122,19.9013589246
99.1801545172,23.3484664211,28.9641037312,19.9379015029
99.0941356053,23.662206852,26.6745663497,19.9744008499
99.0570123837,23.3220527243,29.5983148785,20.0078842695
99.2488005799,23.9895848651,23.5591564332,20.044787005
99.2901307535,24.0172408155,23.5768486121,20.0806556104
99.4218081297,24.5980011881,-0.0707217666225,20.1191675455
99.3716355041,24.242166127,-21.4210581476,20.1542380825
99.2763674374,23.7838607549,-26.2566696701,20.1879566306
99.2193821233,24.2049619201,-21.7315770439,20.224651296
99.410284086,23.7433620946,-26.3817795456,20.2615300832
99.2685681637,23.3270340802,-29.3174502105,20.2978978703
99.2665445789,24.4799240969,-16.2750788795,20.3323177606
99.2678342867,24.1493855022,-21.9769883813,20.3684948945
99.3381131143,22.9848721177,-31.8465886696,20.4052026226
99.3042258358,24.3749769139,-18.8896729064,20.4422742401
99.274933643,23.5818768201,-27.1335908272,20.4752659425
99.2493881275,23.9818805338,-23.8013493507,20.5117397861
99.1099741561,24.0421203395,-23.4492251102,20.5476864568
99.4249141261,23.3577505657,-28.8919223033,20.5850376781
99.3004363156,23.6838029666,-26.8070960119,20.6181248626
99.3436369791,23.8665353431,-25.542640751,20.6546005723
99.4105740303,23.517598701,-28.5393103692,20.6916700127
99.4128900772,23.5657146129,-27.9046991368,20.7279202355
99.2495714382,23.9667753472,-24.017327605,20.7652664805
99.4068241325,23.8919670018,-26.3157378457,20.7980504239
99.372436787,24.0808702696,-23.7534771084,20.8347335817
99.2607426102,24.3286545919,-20.184954442,20.8715859325
99.3178615364,24.1022021118,-22.4491064715,20.908658794
99.1665345552,24.2241287142,-20.9196963078,20.9416330795
99.1137585872,24.6223615844,0.0525630425058,20.9795590594
99.1138585872,24.6224615844,0.0524630425058,21.0145020796
99.1139585872,24.6225615844,0.0523630425058,21.0512107408
99.1140585872,24.6226615844,0.0522630425058,21.0878512893
99.1141585872,24.6227615844,0.0521630425058,21.1211440557
99.0896256427,24.6437987525,0.0570683888554,21.1615373299
99.0897256427,24.6438987525,0.0569683888554,21.1947000914
99.0898256427,24.6439987525,0.0568683888554,21.2313285103
99.1217898042,23.6818919109,27.7647757141,21.2687708595
99.0855935617,23.3861655168,29.9516383673,21.3018194779
99.3362981031,24.3399993484,19.5906399974,21.3393019482
99.346688218,23.4466475379,28.5450779675,21.3758918011
99.2320510719,23.8047015217,26.0624967784,21.4087961078
99.1667944998,23.6782648128,27.3851418748,21.444961112
99.2312675259,23.8062175211,25.9855268121,21.481759035
99.2492585112,24.6281465597,8.36877390375,21.5201353668
99.2477617401,23.7708614888,26.3644710553,21.5566854096
99.4715968942,24.5766070908,13.3554424297,21.5897641966
99.1315103606,24.6454363571,-0.0128046030089,21.6265817135
99.1316103606,24.6455363571,-0.0129046030089,21.6614112127
99.1317103606,24.6456363571,-0.0130046030089,21.6981173857
99.1318103606,24.6457363571,-0.0131046030089,21.7316446586
99.1319103606,24.6458363571,-0.0132046030089,21.7684009053
99.1320103606,24.6459363571,-0.0133046030089,21.8049329091
99.1321103606,24.6460363571,-0.0134046030089,21.8415778118
99.1322103606,24.6461363571,-0.0135046030089,21.8783321924
99.1323103606,24.6462363571,-0.0136046030089,21.9116031877
99.1324103606,24.6463363571,-0.0137046030089,21.9483830716
99.1325103606,24.6464363571,-0.0138046030089,21.9850046481
99.1326103606,24.6465363571,-0.0139046030089,22.0218165668
99.1327103606,24.6466363571,-0.0140046030089,22.0550878731
99.1328103606,24.6467363571,-0.0141046030089,22.0916963869
99.1329103606,24.6468363571,-0.0142046030089,22.1284812471
99.1330103606,24.6469363571,-0.0143046030089,22.165221943
99.1331103606,24.6470363571,-0.0144046030089,22.2017769619
99.1332103606,24.6471363571,-0.0145046030089,22.2350395597
99.1333103606,24.6472363571,-0.0146046030089,22.2718654741
99.1334103606,24.6473363571,-0.0147046030089,22.3085486319
99.1335103606,24.6474363571,-0.0148046030089,22.3452709778
99.1336103606,24.6475363571,-0.0149046030089,22.3786085306
99.1337103606,24.6476363571,-0.0150046030089,22.4152204656
99.1338103606,24.6477363571,-0.0151046030089,22.4519452997
99.1339103606,24.6478363571,-0.0152046030089,22.4887687259
99.1340103606,24.6479363571,-0.0153046030089,22.5219731636
99.1341103606,24.6480363571,-0.0154046030089,22.5421049538
99.1342103606,24.6481363571,-0.0155046030089,22.5788577793
99.1343103606,24.6482363571,-0.0156046030089,22.6120749687
99.1344103606,24.6483363571,-0.0157046030089,22.6487789646
99.1345103606,24.6484363571,-0.0158046030089,22.6855271248
99.1346103606,24.6485363571,-0.0159046030089,22.7221474573
99.1347103606,24.6486363571,-0.0160046030089,22.759016292
99.1348103606,24.6487363571,-0.0161046030089,22.792188384
99.1349103606,24.6488363571,-0.0162046030089,22.8290541085
99.1350103606,24.6489363571,-0.0163046030089,22.8657242036
99.1351103606,24.6490363571,-0.0164046030089,22.9021992913
99.1352103606,24.6491363571,-0.0165046030089,22.9356926634
99.1353103606,24.6492363571,-0.0166046030089,22.9722112934
99.1354103606,24.6493363571,-0.0167046030089,23.0090813722
99.1355103606,24.6494363571,-0.0168046030089,23.045727208
99.1356103606,24.6495363571,-0.0169046030089,23.0823907718
99.1357103606,24.6496363571,-0.0170046030089,23.1156511925
99.1358103606,24.6497363571,-0.0171046030089,23.1524366747
99.1359103606,24.6498363571,-0.0172046030089,23.1891055257
99.1360103606,24.6499363571,-0.0173046030089,23.2258431114
99.1361103606,24.6500363571,-0.0174046030089,23.2591722668
99.1362103606,24.6501363571,-0.0175046030089,23.2958395627
99.1363103606,24.6502363571,-0.0176046030089,23.332625045
99.1364103606,24.6503363571,-0.0177046030089,23.3693700951
99.1365103606,24.6504363571,-0.0178046030089,23.4026616174
99.1366103606,24.6505363571,-0.0179046030089,23.4226829967
99.1367103606,24.6506363571,-0.0180046030089,23.4594012994
99.1368103606,24.6507363571,-0.0181046030089,23.4926735387
99.1369103606,24.6508363571,-0.0182046030089,23.5294188998
99.1370103606,24.6509363571,-0.0183046030089,23.5661375135
99.1371103606,24.6510363571,-0.0184046030089,23.6028203603
99.1372103606,24.6511363571,-0.0185046030089,23.6394540664
99.1373103606,24.6512363571,-0.0186046030089,23.6727409235
99.1374103606,24.6513363571,-0.0187046030089,23.7094688677
99.1375103606,24.6514363571,-0.0188046030089,23.7461868594
99.1376103606,24.6515363571,-0.0189046030089,23.7829381298
99.1377103606,24.6516363571,-0.0190046030089,23.8162016606
99.1378103606,24.6517363571,-0.0191046030089,23.8527781398
99.1379103606,24.6518363571,-0.0192046030089,23.8895546025
99.1380103606,24.6519363571,-0.0193046030089,23.9262735272
99.1381103606,24.6520363571,-0.0194046030089,23.9600489913
99.1382103606,24.6521363571,-0.0195046030089,23.9963477327
99.1383103606,24.6522363571,-0.0196046030089,24.0332218546
99.1384103606,24.6523363571,-0.0197046030089,24.069746705
99.1385103606,24.6524363571,-0.0198046030089,24.1064367052
99.1386103606,24.6525363571,-0.0199046030089,24.1398635197
99.1387103606,24.6526363571,-0.0200046030089,24.1764981589
99.1388103606,24.6527363571,-0.0201046030089,24.2131937574
99.1389103606,24.6528363571,-0.0202046030089,24.2563488586
99.1390103606,24.6529363571,-0.0203046030089,24.2832197553
99.1391103606,24.6530363571,-0.0204046030089,24.30324891
99.1392103606,24.6531363571,-0.0205046030089,24.3399149619
99.1393103606,24.6532363571,-0.0206046030089,24.3734580966
99.1394103606,24.6533363571,-0.0207046030089,24.4098103328
99.1395103606,24.6534363571,-0.0208046030089,24.4468054402
99.1157106065,24.067248917,22.9962465708,24.4915915121
99.4435094462,24.5904624529,-1.58224365394e-06,24.5199011714
99.3638408885,24.5433548002,-10.8886771193,24.5597613632
99.419653059,23.9039371203,-25.1190564713,24.5917136483
99.3126324454,23.7660422387,-25.8993816336,24.6270435731
99.1101625142,23.0495939042,-30.7126391577,24.6640959076
99.2779364095,23.7205594901,-26.2970645925,24.6976315779
99.3623021775,23.8363125354,-25.0270956999,24.7337633033
99.0610818446,23.6162810842,-27.4297112342,24.7708725538
99.1694902812,23.0040318701,-31.6858438068,24.8076440403
99.2513390978,23.5657920859,-28.2121815703,24.8409172127
99.1056192703,23.0911102026,-31.4107837223,24.8774395749
99.1684144427,22.4275250849,-34.9238345954,24.9144381035
99.2891055463,23.2698586943,-30.2331782341,24.9509990318
99.2602516196,23.614498953,-27.890619663,24.9874507933
99.4189971443,24.3093416989,-20.1962553696,25.021163121
99.2841130527,23.5191593285,-28.8160406323,25.0581616496
99.3205292673,23.242793922,-30.4780150288,25.0939951102
99.2423463815,23.0726555114,-31.1824504672,25.1308331542
99.3485293283,23.9530298753,-24.7462076972,25.1647358241
99.2454262312,24.2467695934,-21.8210562123,25.2010535375
99.3500179537,23.6646781007,-26.905569184,25.238089077
99.3208519534,23.6010581413,-27.4228281347,25.274024551
99.3407784409,23.559363932,-28.2936216219,25.3108178087
99.3531463892,24.0299139965,-23.616934416,25.3446187761
99.4839710517,23.217468842,-30.6953265776,25.3816362767
99.2203875074,24.150286591,-21.9282321619,25.418215555
99.2709982688,23.2310188113,-29.766307689,25.4551254439
99.1359887425,23.3955112474,-29.2506544071,25.4876412909
99.2744700998,23.3668311248,-29.5257072518,25.524291792
99.1973490406,23.6946957391,-26.5606246243,25.5613027612
99.2593861176,23.2699973198,-30.120666737,25.5979448649
99.3882509624,23.1647239461,-30.5524409635,25.6310295612
99.1673711475,23.6484348336,-27.1404153094,25.6513131274
99.2373883187,23.6659574177,-26.9665494311,25.6874404986
99.6143728336,22.9511467955,-31.7309532554,25.721502098
99.5853596012,24.084392811,-22.5801225206,25.7582325303
99.429046294,23.9186713248,-24.6459812264,25.7947555146
99.4070379007,23.6099402353,-27.4496824495,25.8314433376
99.3661234615,23.0923576566,-31.1459450854,25.8680216828
99.4523253884,23.9957214959,-24.0982275686,25.9017029089
99.4779074067,23.7726455763,-25.9786282198,25.93792203
99.5787352992,23.7289210651,-26.5730484265,25.9744468804
99.5434601547,23.8331232326,-25.6533311199,26.0111689153
99.3670986607,24.3123032202,-19.5636616181,26.0451157495
99.3878604209,24.675140191,-0.0547871638952,26.0822368186
99.3879604209,24.675240191,-0.0548871638952,26.1176706229
99.3880604209,24.675340191,-0.0549871638952,26.1542719833
99.3881604209,24.675440191,-0.0550871638952,26.1876509013
99.3882604209,24.675540191,-0.0551871638952,26.2077080475
99.3883604209,24.675640191,-0.0552871638952,26.2444901086
99.3884604209,24.675740191,-0.0553871638952,26.2778379249
99.3885604209,24.675840191,-0.0554871638952,26.3144685209
99.2690890942,23.7006569462,-27.7199575364,26.354783419
99.09729461,23.3830667087,-29.6242549183,26.388464645
99.4024995255,23.72540625,-27.1398399752,26.4250893317
99.3440076846,22.8161525765,-32.9614655676,26.4585562674
99.2864605686,24.0287850737,-24.1851795222,26.4954549597
99.1906850794,23.53171808,-28.6270418279,26.5321645539
99.3590158205,23.9878024667,-24.5847045856,26.5686925144
99.3249312224,24.2436988868,-20.4336665404,26.6018512327
99.1818273622,23.7671644799,-25.9983500121,26.6389834984
99.4496933583,24.4758021996,-16.5564851105,26.6761185632
99.2083923609,24.2450215242,-20.8796274215,26.7124760867
99.2779538841,22.6842333441,-33.4844685863,26.7495119373
99.2419064254,23.4523504127,-28.7581727751,26.7823652373
99.3993394189,23.6806660918,-26.6951259965,26.8188337937
99.3240304476,24.4501617823,-13.9762112462,26.8565022519
99.2101816673,24.2314119359,-20.0655724617,26.8926047418
99.250610806,23.0306040133,-31.0802826323,26.9260875393
99.2237951108,23.352437134,-29.0745857326,26.9620071515
99.2086314109,23.7695756999,-25.4527108345,26.9990734817
99.365907851,24.0400869828,-23.8458097312,27.0356176151
99.1796862171,23.0175751132,-31.5544320388,27.0726491114
99.2896603258,22.2971156174,-35.383319319,27.1057823264
99.2943072029,23.3455334125,-29.1147872469,27.1425771391
99.2589551512,24.2107951036,-22.1806325445,27.1795162635
99.0942623859,23.095866885,-31.4064813902,27.216212173
99.0695654791,23.12062935,-31.6551197532,27.2488098174
99.3040647232,23.6323471888,-27.80276461,27.2857977714
99.4212503502,22.7208824065,-33.1600595013,27.3226025367
99.1740445698,23.6197210126,-27.2940687,27.359764038
99.2982888806,23.10553262,-31.1970448023,27.3958344932
99.3394059521,23.507596397,-28.0996033629,27.4291406333
99.1703536366,23.1950833928,-30.8610912812,27.4658903486
99.2802720863,23.2152662016,-30.5016517279,27.5021561222
99.3347185606,23.9128317405,-24.8171174594,27.5396905323
99.307813715,23.220586847,-30.5465359193,27.5730971308
99.3966614941,22.6478952193,-33.9370048626,27.6093056773
99.1398414622,22.8949466661,-32.1516694363,27.6457742337
99.3426988881,22.7987706159,-32.530983502,27.6824947135
99.4576193284,22.4346187911,-34.6634566418,27.716033494
99.2501341336,22.2325097937,-35.6275593098,27.7359444624
99.4926998735,22.3265908691,-35.1974155524,27.7723318435
99.3979461946,22.7948999265,-32.9288325638,27.8060251992
99.2870229578,23.2242629413,-30.5052327094,27.8425690216
99.3619827955,23.069483664,-31.6103193968,27.8793675665
99.4389750187,23.3443743968,-29.1567308952,27.9160529014
99.5401835723,22.855034234,-32.1623365315,27.9527855109
99.7303909289,23.112825777,-31.1564906478,27.9859159266
99.6152155216,23.9641154502,-24.3702495034,28.0232914073
99.4257790504,23.8295161033,-26.6971281651,28.0594514352
99.6868122545,22.8604649923,-32.3971152875,28.0965793467
99.4559455182,22.7159011825,-33.3850291577,28.1293533375
99.4059434099,22.7062551381,-33.2549479248,28.1658134964
99.364411159,23.4285185173,-28.5042648234,28.203375898
99.4591473345,22.854676313,-32.6734865493,28.2398892408
99.1797824476,22.5142553003,-34.3820331668,28.2729232414
99.3695996979,22.9777733592,-31.9461822834,28.3095980018
99.5732225972,22.7784484976,-33.3334060318,28.346232641
99.4010626375,22.9880291263,-32.0210073666,28.3829882657
99.4881186686,23.9991588936,-24.2910572998,28.4200331357
99.6880426482,23.2470757387,-30.181524882,28.4531380481
99.6541476276,23.694048176,-27.4803329207,28.4899191761
99.4393517615,22.9060056702,-32.6000900737,28.5268334192
99.4403238291,23.1487195165,-30.6887445124,28.562990337
99.4276790672,22.681442544,-33.3351088597,28.5964644261
99.3306542467,22.9069467888,-32.1939581124,28.6329177427
99.1931975105,22.9607971206,-31.8773103546,28.6695079065
99.4730087817,23.8077242965,-25.0954525718,28.7070961225
99.5107473299,23.8869422771,-24.8348890149,28.7397817846
99.3860232387,23.0006410127,-31.5207644257,28.7602541378
99.3630235583,24.193023551,-20.9861157626,28.7973444163
99.4142767132,23.6430941486,-26.9882158585,28.8301843426
99.3620708578,24.2638264687,-20.3192416275,28.867027985
99.1639247507,23.2304280191,-30.0514231576,28.9040181161
99.4057708827,23.4589848102,-28.5352658767,28.940083906
99.2881669214,23.3031376725,-30.1964335036,28.9732451125
99.4101466329,23.0060653793,-31.3997041456,29.0098993457
99.4286709268,23.4069650339,-29.069577053,29.0468645955
99.4934967335,21.7864114688,-37.637827781,29.0838653012
99.4628317959,22.6048729722,-33.583122872,29.1202019866
99.4117092061,22.6417208672,-33.1453270959,29.1531961771
99.2751243296,22.8678865376,-31.9185473751,29.1900211585
99.1950497649,22.5567801176,-33.4958713214,29.2267727399
99.24518409,22.6809165057,-33.2343587707,29.2632509378
99.591523961,22.9963234299,-31.6389684722,29.2968634292
99.4067278385,22.9137889724,-32.3964132736,29.3332573416
99.2043169331,22.6899413803,-33.1465544051,29.3701880686
99.3574355646,22.9842757735,-32.137391342,29.4067682799
99.1816340156,22.4652241123,-34.8147802686,29.443624985
99.3904907204,22.4856090322,-34.6272779878,29.4765852747
99.3351851363,22.0639058167,-36.5728603972,29.5135897126
99.401315376,22.5945156015,-34.0835050026,29.5505387895
99.5187556752,22.6567367436,-33.5104800333,29.5868306885
99.4016211349,21.5516039451,-38.5133359419,29.6206397424
99.2396711684,22.220995804,-35.704298725,29.6571051886
99.3847404037,21.562014251,-38.5217631053,29.6939388784
99.3238979334,23.0151462125,-31.6279185589,29.7312739269
99.3583494325,22.4178915618,-34.6257107374,29.7638351824
99.3061220605,23.0183288646,-31.8958420905,29.8008520609
99.2976409757,22.6105942741,-34.3540520383,29.8373122199
99.5195490755,22.9342239381,-32.358348324,29.8739216668
99.3774670049,22.8575932997,-32.6560801548,29.91029443
99.2753237356,23.0099625909,-31.1382676058,29.9437927784
99.333965747,22.9066766472,-32.263817726,29.9804992624
99.3187533482,22.2480439447,-35.5620053696,30.0174729097
99.1508557419,22.625469082,-33.5959910148,30.05405281
99.0615044503,22.3759441506,-34.6439288786,30.0873290925
99.2638422469,21.3470677663,-38.764467746,30.1240088291
99.3289135859,22.7860779791,-32.7188777339,30.1611731295
99.3139588854,22.8208841577,-32.4675125703,30.1970905646
99.2896890404,22.6606939566,-33.1836364044,30.2340128941
99.2811249987,22.7747310313,-32.9395245778,30.267201159
99.406576485,22.8075984044,-32.782989232,30.3039238159
99.3926894682,23.2730926545,-29.6547203395,30.3409758393
99.455800058,22.545898094,-34.2589290029,30.3776913428
99.2712386054,22.982248185,-32.0680838126,30.4107259655
99.2983907164,23.1396443607,-30.744433215,30.447384242
99.2293372726,23.5374047012,-28.0155240977,30.4841830979
99.4537123864,24.4339376786,-13.6434713506,30.522130849
99.2162401441,22.5713400586,-33.7966061888,30.5552718393
99.0133847739,23.0227056908,-30.9988286123,30.5909861806
99.241017463,22.7610096916,-32.5768956534,30.6275340462
99.323359175,22.7675069636,-32.540789172,30.6639391552
99.4427540161,23.5929734875,-27.3800925141,30.7016433803
99.2379219194,23.6739189845,-26.8813256412,30.7340270454
99.2217883279,24.0096750998,-23.9121519749,30.7710734705
99.2490732086,24.0101245106,-23.2569440135,30.8075693963
99.0737211587,23.1884781858,-30.2320417284,30.8448326
99.0126997455,22.9153665116,-32.287961909,30.8776268069
99.2943755771,23.3569855801,-29.5353614316,30.9144449459
99.2796214727,22.6088967198,-33.3888675002,30.9514291677
99.2945851835,24.1607274614,-22.2102414369,30.9885076275
99.2303608352,22.9354664893,-31.7504495563,31.0218255863
99.0587527164,23.342637515,-29.8779823494,31.0578518771
99.1980811866,23.500261224,-27.9327577627,31.0944600799
99.2662993728,22.6625398239,-33.2241663306,31.1316573481
99.2675572838,22.78374433,-32.6599710451,31.1678431904
99.2034656959,22.9461312921,-31.9679479196,31.2012289508
99.2109150622,23.227747434,-29.9660068879,31.2380122559
99.1972163135,22.6832405558,-32.9117952079,31.2748173322
99.2108233206,22.9982669332,-31.1972854795,31.311368619
99.3261014586,22.0603044748,-36.1864204505,31.3450221646
99.1796051254,22.4175986372,-34.3268890521,31.3814198092
99.2144149403,22.1715517431,-35.3992741136,31.4180594247
99.3935914606,22.5770282749,-33.6123954931,31.4547295198
99.4038373011,22.5147976136,-33.928384189,31.4911803482
99.5314930005,22.4217455216,-34.158694872,31.5247094872
99.3062501166,23.148936757,-30.1099341624,31.5620579094
99.3792681159,22.7098865788,-32.9970691689,31.5982770305
99.4191680868,23.1229003838,-30.7076516823,31.6349297087
99.2492231512,22.3227250178,-35.2005643052,31.6684333443
99.4236532004,22.3736067449,-34.6332090819,31.7047230662
99.3757881492,22.8929834069,-31.9794592833,31.7417604718
99.3699737518,23.2145353949,-29.9210226588,31.7783210891
99.1778809331,22.1626036703,-35.8168364118,31.8154629963
99.241232373,22.2732959972,-35.4784256649,31.8482307668
99.1327562612,21.801064027,-37.5371726492,31.88507161
99.0870288599,21.7388627194,-37.3790520504,31.9214835614
99.1838423878,23.4351005477,-28.7559370429,31.9591551298
99.2122506511,23.1114259035,-30.601368247,31.9918470122
99.229757281,22.9927569921,-31.3108837586,32.0282804237
99.1504774107,23.1071329592,-31.1175035833,32.0651296644
99.1706279503,23.9287330174,-23.9858875505,32.1024653349
99.3544157716,23.5221315182,-28.0614821783,32.1386126112
99.6082945889,23.4229129582,-28.5195655881,32.1716649618
99.3835880107,22.7973281992,-33.0323036266,32.2089903688
99.39543374,23.1936464536,-30.5992841203,32.2453183457
99.2473434465,23.6972623447,-26.6579975167,32.2820534432
99.4399764147,23.6680183524,-27.077990966,32.3150600744
99.4153995792,22.1263258712,-36.0971557931,32.3524946482
99.3228899945,22.7801895227,-32.9888945477,32.3889995935
99.444502545,23.2204572827,-30.315213577,32.4255751396
99.2419118689,22.6915001971,-33.6517665734,32.4622803796
99.3137589999,23.5584818721,-27.9788721353,32.4957544686
99.2394234439,22.8602358948,-32.2732521347,32.5323430774
99.1540430406,22.9900312237,-31.4407242324,32.5688268736
99.3528288993,22.1893860229,-35.4105994127,32.605860236
99.19289114,22.794723534,-32.8132834696,32.6389698137
99.1355722811,22.9390256977,-32.0693362164,32.6757481425
99.3708202352,22.6732640979,-33.4290306135,32.7122039472
99.4255761603,23.1576709223,-30.672524677,32.7489944057
99.3507908509,22.3715731872,-34.8010712611,32.7825490481
99.2494605171,22.7594893079,-32.9304032068,32.8190627019
99.2974720845,22.285563585,-35.1671942428,32.8558534714
99.2157717597,22.7380726425,-32.6831180384,32.8924336827
99.2370062694,22.8339177022,-32.1620635239,32.928975328
99.1108816071,22.9974984329,-30.8670352823,32.9623302977
99.2683003352,23.7135794871,-26.1182745884,32.9996000327
99.1571819259,23.3910078909,-28.7617432125,33.0360026536
99.1469616787,23.4999999286,-28.1046917764,33.0724304668
99.2261502074,22.7178652877,-33.1250959724,33.106226769
98.979159886,22.6039709841,-33.7337144594,33.1422878937
99.1881889121,23.1001919729,-30.955368064,33.1795128423
98.9507548361,22.2662301114,-35.3567113368,33.2162927263
99.2393477023,22.7108995163,-32.9482712716,33.2527174293
99.2507645756,22.8465327591,-31.9633717303,33.2859100484
99.1799415624,22.424687854,-34.8779362035,33.3229760676
98.9069069909,22.4805181564,-34.2687906369,33.3593839757
99.1436705552,22.6869294516,-33.1516368881,33.3960086624
99.3069908513,22.8495525223,-32.2028792241,33.4293841592
99.273701813,23.0572601232,-30.8672282598,33.4660822458
99.2949323966,22.7956407234,-32.5441471619,33.502771624
99.164246771,22.5834744748,-34.0855289599,33.5394659784
99.2835208758,22.5634531734,-34.1752488908,33.57577094
99.1354523332,22.6514585538,-33.452883888,33.609319051
99.0971415979,23.0810886242,-31.0227942558,33.6462161882
99.153537445,23.4252156056,-29.5697356441,33.6829074325
99.1331470417,23.2647398902,-29.8372970358,33.7196835842
99.099388055,23.1835045857,-30.509301602,33.752815244
99.0012526382,22.451045094,-34.489752908,33.7900523223
99.1012688929,22.4145152767,-34.6342119668,33.8262139054
99.1580492797,22.7165254148,-33.105266132,33.863081807
99.2661443463,22.549716154,-33.7477710647,33.8997581224
99.0925821462,23.3744627882,-28.7880059567,33.9336617253
99.2326442614,22.0902389006,-35.9385864286,33.9701803554
99.3158526491,22.8911635121,-31.8241714276,34.006859159
99.2574338803,23.1412415491,-30.5014095406,34.0431613215
99.2996088543,22.861281352,-32.0166276618,34.0766232809
99.4025083186,22.6826379203,-33.5849343178,34.1131913626
99.4127283226,23.3709536099,-28.8281163166,34.1504212875
99.3086616133,22.4274488606,-34.2268841569,34.1868901549
99.1360304686,24.0293342041,-22.8618502649,34.2242304906
99.3292040907,23.5253510608,-28.1688272208,34.2570215873
99.0920762591,23.0732776825,-31.1091331138,34.2934095904
99.265070213,23.3380096736,-29.4274156496,34.3300339661
99.3216388251,22.7323964284,-32.9015969829,34.3669883303
99.106109267,23.3766002107,-29.180760702,34.4036786415
99.3534210387,23.4891995053,-28.1723148098,34.436596633
99.3828932553,23.8359460901,-24.9494354082,34.4738013655
99.3683800199,23.3043141321,-29.5970113858,34.5103585616
99.4386874002,23.6453772238,-27.216841043,34.5471045448
99.3265027694,23.449894325,-28.7494066726,34.5802231419
99.3734926185,23.141630798,-30.7941259662,34.6170695834
99.3736890533,23.1075498235,-30.7521501651,34.6533104757
99.3486590677,22.4955979312,-34.3389794721,34.6905994937
99.3340117798,22.7396578027,-32.7727031051,34.7236997409
99.3348742187,22.4982313457,-34.073285529,34.7602799522
99.1229269447,23.1288722376,-30.8879036348,34.7974022654
99.557656691,24.0209506616,-22.8317464721,34.8343133983
99.3955245427,23.6941194346,-26.6752258411,34.870619293
99.2752908259,23.268075334,-30.0788088176,34.9038775366
99.2544027566,23.6662604528,-26.2800847508,34.9405958393
99.3971665845,23.8407250909,-25.1091091508,34.9772379429
99.3414020146,23.327156086,-29.3828896473,35.0140112955
99.5612213782,23.1882592142,-30.6494697141,35.0473827491
99.4523993381,22.8445140298,-32.3690671102,35.0839004461
99.3694802129,23.6615544231,-26.741992239,35.1212155895
99.2672425406,23.0225395435,-31.6322546694,35.1574347106
99.3666332861,23.4972335046,-27.7580555432,35.1945996331
99.3000090774,23.2945430239,-29.9563705928,35.227300846
99.2531727945,23.0360265314,-31.3648196286,35.2639840038
99.4567175447,22.6304940838,-34.2568644854,35.3009106876
99.3528746733,23.2839476298,-30.0799536961,35.3377431333
99.2789962423,23.5002454911,-29.0486411205,35.370590524
99.3809570554,22.8749317614,-32.6379824204,35.4077268329
99.4728623546,23.141624644,-31.0603081291,35.4441055055
99.4841760327,24.0035003724,-23.6890537253,35.4814013659
99.4248773306,22.7333252334,-33.1589685252,35.517901957
99.5066152699,24.13518377,-22.5538336161,35.5515744746
99.3121417383,24.597279847,-0.00845167999644,35.5896939068
99.3122417383,24.597379847,-0.00855167999644,35.6239433602
99.3948944637,24.285812728,21.1102320512,35.6636237844
99.3724091941,23.079965196,31.0285186995,35.6951462446
99.3909274392,23.8507092595,25.6177804814,35.7312412702
99.303807076,23.9875215218,23.8062095142,35.7675658259
99.2754490495,23.2145489959,30.5547922709,35.804837427
99.0077165741,22.5780460701,34.0863914788,35.8413277545
99.3132206402,23.0637169824,30.8614579176,35.8747617224
99.2096777397,23.1258849314,31.3373746809,35.9109428995
99.2348128496,22.4862260592,34.6000152576,35.9481498092
99.0063923153,23.3152533059,29.8053259069,35.9847275324
99.1737330856,22.4518794712,34.6638027088,36.0180650852
99.1435157321,23.450415721,28.9707617771,36.0548978419
99.4101416536,23.4206164091,29.2655342385,36.091133758
99.2904844559,22.8340387016,33.0205516179,36.1282398983
99.3105634396,23.1056408994,31.5441854844,36.1646185709
99.2137350862,23.2859280128,30.2485691842,36.1979583008
99.2245255728,24.4076083207,17.1969529674,36.2356594157
99.2282775174,23.3305142319,29.6118434013,36.2722803702
99.2973969298,22.7590215891,33.2980223492,36.3084456855
99.4847298362,23.4813868824,28.1369862602,36.3423371587
99.3192327865,23.5506668493,27.4661308047,36.3778617799
99.1351056491,22.6364737623,33.7165401765,36.4150714887
99.0400435151,24.1141268382,21.2837571002,36.4522740441
99.0980921128,24.5361694438,13.4760485804,36.4855584131
99.2439342248,23.1440564238,31.3847823962,36.5224452867
99.2320686239,24.1010925746,22.9177418204,36.5591191141
99.0790947844,23.5673273207,27.5820213858,36.5953208182
99.140943284,22.5758248221,33.9960365263,36.6319243558
99.066285719,23.4944034713,28.027130332,36.6651934849
99.0834289208,23.7966741748,26.1948876509,36.7016262744
99.0210581254,23.4815892582,28.4377184842,36.7386260471
99.0996250932,22.4619156397,34.3273402267,36.7753894471
99.3274357327,22.8114462654,32.4657165803,36.8086613754
99.0970308761,22.7391699235,33.3745740064,36.8450027261
99.0038937818,22.5948060001,33.8778034461,36.8816183933
99.0515964532,23.661811145,26.5562130047,36.9190492349
99.2445712635,23.6641976945,27.1716306484,36.9550276292
99.1168796828,22.9006520848,32.1425800038,36.9888239314
99.1124612524,22.506013464,34.448175211,37.0252193988
99.2035682606,22.5453122223,34.1407412849,37.0620502895
99.2644202309,23.5676631112,28.2474052847,37.0989651546
99.0394546999,22.6669417579,33.5820808671,37.1355630939
99.1291906293,23.6576123308,27.4705802845,37.1689737356
99.1797047204,23.1546614705,30.7563493282,37.2054438471
99.0923682071,23.2712371441,29.678946766,37.2420399202
99.1757893071,23.0184418415,31.364964618,37.2787330305
99.1303701978,22.1444477355,35.9074842326,37.312684219
