149.612508775,23.5875152059,18.9009760792,0.0485615018118
149.11771515,23.8252919849,0.00202950013927,0.0975011997463
149.091113087,23.7881074187,-0.0453932829037,0.141995538157
149.091213087,23.7882074187,-0.0454932829037,0.16917962854
149.091313087,23.7883074187,-0.0455932829037,0.205823598256
149.091413087,23.7884074187,-0.0456932829037,0.242609702534
149.091513087,23.7885074187,-0.0457932829037,0.279286328988
149.091613087,23.7886074187,-0.0458932829037,0.315996545228
149.091713087,23.7887074187,-0.0459932829037,0.349296154
149.091813087,23.7888074187,-0.0460932829037,0.386045558326
149.091913087,23.7889074187,-0.0461932829037,0.422773191493
149.092013087,23.7890074187,-0.0462932829037,0.459455416244
149.791134101,23.335172845,-21.4384401867,0.50499445924
149.22678773,24.0778147359,-0.0152388392185,0.539025267917
149.22688773,24.0779147359,-0.0153388392185,0.566226775228
149.22698773,24.0780147359,-0.0154388392185,0.602896559317
149.22708773,24.0781147359,-0.0155388392185,0.63945966473
149.22718773,24.0782147359,-0.0156388392185,0.672846358136
149.22728773,24.0783147359,-0.0157388392185,0.709561550641
149.22738773,24.0784147359,-0.0158388392185,0.746287006693
149.22748773,24.0785147359,-0.0159388392185,0.782937507756
149.22758773,24.0786147359,-0.0160388392185,0.819667318039
149.22768773,24.0787147359,-0.0161388392185,0.853052456362
149.22778773,24.0788147359,-0.0162388392185,0.889823320829
149.22788773,24.0789147359,-0.0163388392185,0.926481597306
149.22798773,24.0790147359,-0.0164388392185,0.963507495343
149.22808773,24.0791147359,-0.0165388392185,0.996587526433
149.22818773,24.0792147359,-0.0166388392185,1.01662103536
149.22828773,24.0793147359,-0.0167388392185,1.0532768237
149.22838773,24.0794147359,-0.0168388392185,1.08662464004
149.577890159,23.6706421933,-18.6380148118,1.13165081675
149.868027182,23.3679298443,-21.7069351744,1.1614412258
150.013987004,23.1026244715,-23.2584348302,1.19723612034
149.468068122,23.7714467309,-16.3092487594,1.23687704552
149.750059273,23.4127927134,-20.6631028665,1.2686694681
149.181297512,23.9034525189,0.0140967254967,1.31598410457
149.181397512,23.9035525189,0.0139967254967,1.34007948961
149.181497512,23.9036525189,0.0138967254967,1.37681987446
149.181597512,23.9037525189,0.0137967254967,1.41032319907
149.181697512,23.9038525189,0.0136967254967,1.43020306581
149.181797512,23.9039525189,0.0135967254967,1.4668821804
149.181897512,23.9040525189,0.0134967254967,1.50023839418
149.181997512,23.9041525189,0.0133967254967,1.53684410886
149.182097512,23.9042525189,0.0132967254967,1.57372476217
149.182197512,23.9043525189,0.0131967254967,1.61040854201
149.182297512,23.9044525189,0.0130967254967,1.64703851598
149.182397512,23.9045525189,0.0129967254967,1.6803822891
149.182497512,23.9046525189,0.0128967254967,1.71709468246
149.182597512,23.9047525189,0.0127967254967,1.75387954267
149.182697512,23.9048525189,0.0126967254967,1.79053159881
149.182797512,23.9049525189,0.0125967254967,1.8238464474
149.182897512,23.9050525189,0.0124967254967,1.86053986874
149.182997512,23.9051525189,0.0123967254967,1.89732379591
149.183097512,23.9052525189,0.0122967254967,1.93406169262
149.183197512,23.9053525189,0.0121967254967,1.97060644806
149.183297512,23.9054525189,0.0120967254967,2.00387433314
149.183397512,23.9055525189,0.0119967254967,2.0405829943
149.183497512,23.9056525189,0.0118967254967,2.07744218747
149.183597512,23.9057525189,0.0117967254967,2.11406251992
149.477047161,23.6822867865,16.9850356588,2.16179236349
149.108460443,23.754489335,0.031411567971,2.18835379874
149.108560443,23.754589335,0.031311567971,2.22083574501
149.245688599,23.9360141533,10.2764989622,2.26753798989
149.739031873,23.6497092878,19.7706280527,2.29945730722
149.406399373,23.6404917223,16.5208053751,2.32990676035
149.711224185,23.4772106391,20.186883348,2.3660947798
149.550174306,23.7612203745,17.7000173527,2.40211080711
150.019353694,23.1453067797,23.199336406,2.43954071564
150.059044201,23.123560027,23.6493252605,2.47443894947
149.980100776,23.0223165748,23.3677016627,2.50791614869
150.198472742,22.7700354201,25.0705171007,2.54535632077
149.945991496,23.1677120855,22.7034706931,2.58176733909
149.830025681,23.3010193533,21.615999887,2.61813543713
149.966923572,22.9911398051,23.1515930664,2.65150533564
149.662767396,23.2550072165,20.8140278292,2.68893244503
149.920580872,23.1017176083,22.9374220653,2.72561560283
149.659790939,23.4782416042,19.9192116425,2.76256405775
149.411270829,23.7183220193,16.1579077899,2.79946275001
149.779999357,23.3087131074,21.330082627,2.83389165987
149.401165382,23.7313594638,15.7987447612,2.87066003621
149.333664723,23.9179374529,13.0004629806,2.9070667003
149.47816612,23.5737871961,17.2921400782,2.94471432041
149.543478196,23.6276969904,18.1884241095,2.97825403396
149.500837082,23.7338315067,17.2815998832,3.01163046382
149.710290404,23.64721368,19.5000169672,3.0485104951
149.683389304,23.5799083079,19.4174794589,3.08506240392
149.951377065,23.1103664518,22.897137559,3.12209203415
149.608040732,23.4464867407,19.5074207906,3.15637632131
149.550722842,23.7786489103,17.4268739005,3.19263152035
149.629164002,23.5230467355,19.3962432107,3.22978151399
149.548290438,23.6945062664,17.7068901344,3.26532324105
149.678861366,23.7872436182,18.5023805965,3.30178806524
149.340450372,23.9706625508,12.5511331572,3.33876420063
149.238833104,24.0094287406,-0.046684627923,3.37648148845
149.824457712,23.5093977832,-20.7690259321,3.42082747197
149.596475846,23.6992350992,-17.8655112293,3.44649131346
149.460521078,23.8340842994,-15.8597001582,3.47884854209
149.277019461,23.9980282879,-9.43448075532,3.50310005744
149.437203545,24.0129904148,-14.0373726151,3.53930735993
149.265448323,23.9120803519,-11.6528239724,3.56900259792
149.446116616,23.9563660729,-14.8231224473,3.6087262535
149.242426829,24.0393028875,-0.00732802202253,3.64789101234
149.244726759,24.0780671538,-0.0121532097655,3.68368963907
149.244826759,24.0781671538,-0.0122532097655,3.71537911518
149.244926759,24.0782671538,-0.0123532097655,3.74879753227
149.245026759,24.0783671538,-0.0124532097655,3.7854380808
149.245126759,24.0784671538,-0.0125532097655,3.82228265619
149.599268815,23.4938666214,-19.3767847027,3.86770755612
149.433883747,23.9400662621,-15.3216361161,3.89784163846
149.473783304,23.8985528671,-15.6434798436,3.92908293972
149.466600386,24.0149236542,-15.3682979615,3.9658485169
149.544197619,23.7405047817,-17.7464980546,4.00266789995
149.534176552,23.8463665212,-16.9458832725,4.03911499619
149.21503609,24.0548241839,-0.0161146181032,4.07940998917
149.21513609,24.0549241839,-0.0162146181032,4.10902436286
149.21523609,24.0550241839,-0.0163146181032,4.14581388832
149.21533609,24.0551241839,-0.0164146181032,4.18247931818
149.21543609,24.0552241839,-0.0165146181032,4.21921317168
149.21553609,24.0553241839,-0.0166146181032,4.25249380844
149.21563609,24.0554241839,-0.0167146181032,4.28921926449
149.21573609,24.0555241839,-0.0168146181032,4.3261055161
149.21583609,24.0556241839,-0.0169146181032,4.36265089357
149.21593609,24.0557241839,-0.0170146181032,4.39936919624
149.21603609,24.0558241839,-0.0171146181032,4.43273287442
149.21613609,24.0559241839,-0.0172146181032,4.46946579487
149.21623609,24.0560241839,-0.0173146181032,4.50617881026
149.21633609,24.0561241839,-0.0174146181032,4.54280380796
149.21643609,24.0562241839,-0.0175146181032,4.57622906742
149.21653609,24.0563241839,-0.0176146181032,4.61273930002
149.21663609,24.0564241839,-0.0177146181032,4.64962959484
149.21673609,24.0565241839,-0.0178146181032,4.68613702829
149.21683609,24.0566241839,-0.0179146181032,4.72293992746
149.21693609,24.0567241839,-0.0180146181032,4.756253843
149.21703609,24.0568241839,-0.0181146181032,4.79294135503
149.21713609,24.0569241839,-0.0182146181032,4.82971812881
149.21723609,24.0570241839,-0.0183146181032,4.86632042231
149.21733609,24.0571241839,-0.0184146181032,4.89974661482
149.21743609,24.0572241839,-0.0185146181032,4.93633366851
149.21753609,24.0573241839,-0.0186146181032,4.97313376853
149.21763609,24.0574241839,-0.0187146181032,5.00984522884
149.21773609,24.0575241839,-0.0188146181032,5.04651190276
149.21783609,24.0576241839,-0.0189146181032,5.07987402586
149.21793609,24.0577241839,-0.0190146181032,5.1165786438
149.21803609,24.0578241839,-0.0191146181032,5.1533143634
149.21813609,24.0579241839,-0.0192146181032,5.18992567638
149.21823609,24.0580241839,-0.0193146181032,5.22331392486
149.21833609,24.0581241839,-0.0194146181032,5.2433965744
149.21843609,24.0582241839,-0.0195146181032,5.27998362809
149.21853609,24.0583241839,-0.0196146181032,5.31336783336
149.21863609,24.0584241839,-0.0197146181032,5.35006094369
149.21873609,24.0585241839,-0.0198146181032,5.38675343199
149.21883609,24.0586241839,-0.0199146181032,5.42345400672
149.21893609,24.0587241839,-0.0200146181032,5.46015395941
149.21903609,24.0588241839,-0.0201146181032,5.49350799608
149.21913609,24.0589241839,-0.0202146181032,5.53022194452
149.21923609,24.0590241839,-0.0203146181032,5.56708953513
149.21933609,24.0591241839,-0.0204146181032,5.60386008858
149.21943609,24.0592241839,-0.0205146181032,5.63706888052
149.21953609,24.0593241839,-0.0206146181032,5.65701997006
149.21963609,24.0594241839,-0.0207146181032,5.69369597448
149.21973609,24.0595241839,-0.0208146181032,5.72706556198
149.21983609,24.0596241839,-0.0209146181032,5.76371450796
149.21993609,24.0597241839,-0.0210146181032,5.800420992
149.22003609,24.0598241839,-0.0211146181032,5.83721269458
149.22013609,24.0599241839,-0.0212146181032,5.87383396008
149.22023609,24.0600241839,-0.0213146181032,5.90715347391
149.22033609,24.0601241839,-0.0214146181032,5.94393366888
149.22043609,24.0602241839,-0.0215146181032,5.98067218763
149.22053609,24.0603241839,-0.0216146181032,6.01730900396
149.22063609,24.0604241839,-0.0217146181032,6.05068014654
149.22073609,24.0605241839,-0.0218146181032,6.07077959097
149.22083609,24.0606241839,-0.0219146181032,6.10732652352
149.22093609,24.0607241839,-0.0220146181032,6.14076111348
149.22103609,24.0608241839,-0.0221146181032,6.17733292735
149.22113609,24.0609241839,-0.0222146181032,6.21412680705
149.22123609,24.0610241839,-0.0223146181032,6.25088554187
149.22133609,24.0611241839,-0.0224146181032,6.28752733447
149.22143609,24.0612241839,-0.0225146181032,6.32088292622
149.22153609,24.0613241839,-0.0226146181032,6.35756359589
149.22163609,24.0614241839,-0.0227146181032,6.39426106045
149.22173609,24.0615241839,-0.0228146181032,6.43098122922
149.22183609,24.0616241839,-0.0229146181032,6.46435921416
149.22193609,24.0617241839,-0.0230146181032,6.48438619174
149.22203609,24.0618241839,-0.0231146181032,6.52111693507
149.22213609,24.0619241839,-0.0232146181032,6.55439663878
149.22223609,24.0620241839,-0.0233146181032,6.59108477285
149.22233609,24.0621241839,-0.0234146181032,6.62783666531
149.22243609,24.0622241839,-0.0235146181032,6.6645779832
149.22253609,24.0623241839,-0.0236146181032,6.70115041911
149.22263609,24.0624241839,-0.0237146181032,6.73457319044
149.22273609,24.0625241839,-0.0238146181032,6.77120005424
149.22283609,24.0626241839,-0.0239146181032,6.80801912627
149.22293609,24.0627241839,-0.0240146181032,6.84457290119
149.22303609,24.0628241839,-0.0241146181032,6.87791232008
149.22313609,24.0629241839,-0.0242146181032,6.91459858805
149.22323609,24.0630241839,-0.0243146181032,6.95140988467
149.22333609,24.0631241839,-0.0244146181032,6.98807562554
149.22343609,24.0632241839,-0.0245146181032,7.02475753927
149.22353609,24.0633241839,-0.0246146181032,7.05811686322
149.22363609,24.0634241839,-0.0247146181032,7.09480002102
149.22373609,24.0635241839,-0.0248146181032,7.13152547708
149.22383609,24.0636241839,-0.0249146181032,7.16835076944
149.22393609,24.0637241839,-0.0250146181032,7.20157573424
149.22403609,24.0638241839,-0.0251146181032,7.22165154141
149.22413609,24.0639241839,-0.0252146181032,7.25837544238
149.22423609,24.0640241839,-0.0253146181032,7.29173694345
149.22433609,24.0641241839,-0.0254146181032,7.31169798551
149.22443609,24.0642241839,-0.0255146181032,7.34834662048
149.22453609,24.0643241839,-0.0256146181032,7.38174171133
149.22463609,24.0644241839,-0.0257146181032,7.41836266582
149.22473609,24.0645241839,-0.0258146181032,7.45508874391
149.22483609,24.0646241839,-0.0259146181032,7.49192647693
149.22493609,24.0647241839,-0.0260146181032,7.52845443748
149.22503609,24.0648241839,-0.0261146181032,7.56188342913
149.22513609,24.0649241839,-0.0262146181032,7.59856907506
149.22523609,24.0650241839,-0.0263146181032,7.63526716166
149.22533609,24.0651241839,-0.0264146181032,7.6719904406
149.22543609,24.0652241839,-0.0265146181032,7.70529347055
149.22553609,24.0653241839,-0.0266146181032,7.72533910912
149.22563609,24.0654241839,-0.0267146181032,7.76203532961
149.22573609,24.0655241839,-0.0268146181032,7.79538159087
149.22583609,24.0656241839,-0.0269146181032,7.83204981987
149.22593609,24.0657241839,-0.0270146181032,7.86883747924
149.22603609,24.0658241839,-0.0271146181032,7.905613942
149.22613609,24.0659241839,-0.0272146181032,7.94220783805
149.22623609,24.0660241839,-0.0273146181032,7.97555441032
149.22633609,24.0661241839,-0.0274146181032,8.01234766798
149.22643609,24.0662241839,-0.0275146181032,8.04901962919
149.22653609,24.0663241839,-0.0276146181032,8.08571740477
149.22663609,24.0664241839,-0.0277146181032,8.11902509997
149.22673609,24.0665241839,-0.0278146181032,8.15559535876
149.22683609,24.0666241839,-0.0279146181032,8.19234134191
149.22693609,24.0667241839,-0.0280146181032,8.22905000306
149.22703609,24.0668241839,-0.0281146181032,8.26566007198
149.22713609,24.0669241839,-0.0282146181032,8.29906107214
149.22723609,24.0670241839,-0.0283146181032,8.33578963836
149.22733609,24.0671241839,-0.0284146181032,8.37250296477
149.22743609,24.0672241839,-0.0285146181032,8.40918239037
149.22753609,24.0673241839,-0.0286146181032,8.44247173559
149.22763609,24.0674241839,-0.0287146181032,8.47925815089
149.22773609,24.0675241839,-0.0288146181032,8.51601812978
149.22783609,24.0676241839,-0.0289146181032,8.55267485117
149.22793609,24.0677241839,-0.0290146181032,8.58935925304
149.22803609,24.0678241839,-0.0291146181032,8.62274065916
149.22813609,24.0679241839,-0.0292146181032,8.65938680599
149.22823609,24.0680241839,-0.0293146181032,8.69613900947
149.22833609,24.0681241839,-0.0294146181032,8.73288654769
149.22843609,24.0682241839,-0.0295146181032,8.7694627158
149.22853609,24.0683241839,-0.0296146181032,8.80279062708
149.22863609,24.0684241839,-0.0297146181032,8.83958792795
149.22873609,24.0685241839,-0.0298146181032,8.87619053247
149.22883609,24.0686241839,-0.0299146181032,8.91291909869
149.267084435,24.055053334,-0.0473522516035,8.94669798396
149.267184435,24.055153334,-0.0474522516035,8.96637631198
149.267284435,24.055253334,-0.0475522516035,9.00303863168
149.267384435,24.055353334,-0.0476522516035,9.03643745473
149.76723133,23.4500891232,-20.6895497701,9.08243244798
149.231612158,24.031716416,0.0152957098102,9.11820183917
149.231712158,24.031816416,0.0151957098102,9.14655504075
149.231812158,24.031916416,0.0150957098102,9.18323104517
149.231912158,24.032016416,0.0149957098102,9.21652754378
149.232012158,24.032116416,0.0148957098102,9.25320821345
149.232112158,24.032216416,0.0147957098102,9.29000395924
149.232212158,24.032316416,0.0146957098102,9.32669302636
149.232312158,24.032416416,0.0145957098102,9.3601011799
149.232412158,24.032516416,0.0144957098102,9.38009301261
149.232512158,24.032616416,0.0143957098102,9.41667944426
149.232612158,24.032716416,0.0142957098102,9.45011776642
149.232712158,24.032816416,0.0141957098102,9.48683544705
149.232812158,24.032916416,0.0140957098102,9.52349434556
149.232912158,24.033016416,0.0139957098102,9.5601274297
149.233012158,24.033116416,0.0138957098102,9.59683546882
149.233112158,24.033216416,0.0137957098102,9.63020381225
149.233212158,24.033316416,0.0136957098102,9.6668633328
149.233312158,24.033416416,0.0135957098102,9.70367151925
149.233412158,24.033516416,0.0134957098102,9.740353744
149.233512158,24.033616416,0.0133957098102,9.77705089755
149.233612158,24.033716416,0.0132957098102,9.81036356901
149.233712158,24.033816416,0.0131957098102,9.84710022166
149.233812158,24.033916416,0.0130957098102,9.88379333199
149.233912158,24.034016416,0.0129957098102,9.92057477102
149.234012158,24.034116416,0.0128957098102,9.95398199152
149.234112158,24.034216416,0.0127957098102,9.99058832823
149.234212158,24.034316416,0.0126957098102,10.0273066309
149.234312158,24.034416416,0.0125957098102,10.0639720608
149.234412158,24.034516416,0.0124957098102,10.1007255083
149.234512158,24.034616416,0.0123957098102,10.1338994664
149.234612158,24.034716416,0.0122957098102,10.1706429614
149.234712158,24.034816416,0.0121957098102,10.2072794667
149.234812158,24.034916416,0.0120957098102,10.2439822186
149.234912158,24.035016416,0.0119957098102,10.2774986059
149.235012158,24.035116416,0.0118957098102,10.3140635774
149.235112158,24.035216416,0.0117957098102,10.3508387961
149.235212158,24.035316416,0.0116957098102,10.387485876
149.235312158,24.035416416,0.0115957098102,10.4241768092
149.235412158,24.035516416,0.0114957098102,10.4575348891
149.235512158,24.035616416,0.0113957098102,10.4942429282
149.235612158,24.035716416,0.0112957098102,10.5309335504
149.235712158,24.035816416,0.0111957098102,10.5676586954
149.235812158,24.035916416,0.0110957098102,10.6010435227
149.235912158,24.036016416,0.0109957098102,10.6212459136
149.236012158,24.036116416,0.0108957098102,10.6577847598
149.236112158,24.036216416,0.0107957098102,10.6911288439
149.236212158,24.036316416,0.0106957098102,10.7111595537
149.236312158,24.036416416,0.0105957098102,10.7477509616
149.236412158,24.036516416,0.0104957098102,10.7811836854
149.236512158,24.036616416,0.0103957098102,10.817749279
149.236612158,24.036716416,0.0102957098102,10.8545055257
149.236712158,24.036816416,0.0101957098102,10.8912244504
149.236812158,24.036916416,0.0100957098102,10.9279999801
149.236912158,24.037016416,0.0099957098102,10.9613325566
149.237012158,24.037116416,0.0098957098102,10.9980160254
149.237112158,24.037216416,0.0097957098102,11.0346960731
149.237212158,24.037316416,0.0096957098102,11.07155029
149.237312158,24.037416416,0.0095957098102,11.1048981063
149.237412158,24.037516416,0.0094957098102,11.1414705422
149.237512158,24.037616416,0.0093957098102,11.1781885339
149.237612158,24.037716416,0.0092957098102,11.2148088663
149.237712158,24.037816416,0.0091957098102,11.2515557825
149.237812158,24.037916416,0.0090957098102,11.2848597455
149.274312349,23.902351598,-11.9586069864,11.3294837778
149.375053064,23.843339371,-14.8104119519,11.3608295807
149.208975148,23.9717575618,-0.00183857115487,11.4041924409
149.209075148,23.9718575618,-0.00193857115487,11.4318380798
149.209175148,23.9719575618,-0.00203857115487,11.4650642887
149.209275148,23.9720575618,-0.00213857115487,11.5018214684
149.209375148,23.9721575618,-0.00223857115487,11.538425939
149.209475148,23.9722575618,-0.00233857115487,11.5751059867
149.209575148,23.9723575618,-0.00243857115487,11.6084426064
149.209675148,23.9724575618,-0.00253857115487,11.6451329176
149.209775148,23.9725575618,-0.00263857115487,11.6819090693
149.209875148,23.9726575618,-0.00273857115487,11.7186186635
149.209975148,23.9727575618,-0.00283857115487,11.755296223
149.210075148,23.9728575618,-0.00293857115487,11.7886123157
149.230193452,24.0462983402,-0.0128648945626,11.8305329922
149.230293452,24.0463983402,-0.0129648945626,11.8620741134
149.230393452,24.0464983402,-0.0130648945626,11.8987606924
149.230493452,24.0465983402,-0.0131648945626,11.9321620035
149.230593452,24.0466983402,-0.0132648945626,11.952130199
149.230693452,24.0467983402,-0.0133648945626,11.9889315431
149.230793452,24.0468983402,-0.0134648945626,12.0222886899
149.230893452,24.0469983402,-0.0135648945626,12.0588937826
149.230993452,24.0470983402,-0.0136648945626,12.0956671352
149.231093452,24.0471983402,-0.0137648945626,12.1323546472
149.231193452,24.0472983402,-0.0138648945626,12.1689479212
149.231293452,24.0473983402,-0.0139648945626,12.2023579409
149.231393452,24.0474983402,-0.0140648945626,12.2390513622
149.231493452,24.0475983402,-0.0141648945626,12.2757861488
149.231593452,24.0476983402,-0.0142648945626,12.3124136346
149.231693452,24.0477983402,-0.0143648945626,12.3491098551
149.231793452,24.0478983402,-0.0144648945626,12.3824940604
149.231893452,24.0479983402,-0.0145648945626,12.4192360003
149.231993452,24.0480983402,-0.0146648945626,12.4558998751
149.232093452,24.0481983402,-0.0147648945626,12.4925954735
149.232193452,24.0482983402,-0.0148648945626,12.525965061
149.232293452,24.0483983402,-0.0149648945626,12.5626435536
149.232393452,24.0484983402,-0.0150648945626,12.5993593681
149.232493452,24.0485983402,-0.0151648945626,12.6360503013
149.232593452,24.0486983402,-0.0152648945626,12.6728749717
149.232693452,24.0487983402,-0.0153648945626,12.7061269949
149.232793452,24.0488983402,-0.0154648945626,12.7428664467
149.639399143,23.4634049641,19.7317670433,12.7885504234
149.171305544,23.964701863,-0.0326717208509,12.8226120227
149.171405544,23.964801863,-0.0327717208509,12.8528555829
149.171505544,23.964901863,-0.0328717208509,12.8863271838
149.171605544,23.965001863,-0.0329717208509,12.9231335042
149.171705544,23.965101863,-0.0330717208509,12.9597068731
149.171805544,23.965201863,-0.0331717208509,12.9963555081
149.171905544,23.965301863,-0.0332717208509,13.0297014583
149.172005544,23.965401863,-0.0333717208509,13.0663951907
149.172105544,23.965501863,-0.0334717208509,13.103199956
149.172205544,23.965601863,-0.0335717208509,13.1398604096
149.172305544,23.965701863,-0.0336717208509,13.1765712478
149.172405544,23.965801863,-0.0337717208509,13.2099218633
149.172505544,23.965901863,-0.0338717208509,13.2465969347
149.321973156,23.8810778173,-14.0380277546,13.2930198867
149.455417789,23.7313566534,-16.6695272139,13.3202820422
149.314629077,24.0706929051,-9.94802705844,13.3599786394
149.251538943,24.0520941568,0.000127301798757,13.3938757109
149.198676341,23.9994770123,-0.0274981068282,13.430582817
149.198776341,23.9995770123,-0.0275981068282,13.4635819838
149.198876341,23.9996770123,-0.0276981068282,13.5001264282
149.198976341,23.9997770123,-0.0277981068282,13.5368406877
149.199076341,23.9998770123,-0.0278981068282,13.5701841498
149.199176341,23.9999770123,-0.0279981068282,13.6070937276
149.199276341,24.0000770123,-0.0280981068282,13.6435908975
149.199376341,24.0001770123,-0.0281981068282,13.6802759214
149.199476341,24.0002770123,-0.0282981068282,13.7136361784
149.199576341,24.0003770123,-0.0283981068282,13.7503690989
149.199676341,24.0004770123,-0.0284981068282,13.7871863048
149.199776341,24.0005770123,-0.0285981068282,13.8238265423
149.199876341,24.0006770123,-0.0286981068282,13.8606157568
149.199976341,24.0007770123,-0.0287981068282,13.8938777326
149.200076341,24.0008770123,-0.0288981068282,13.9305994564
149.200176341,24.0009770123,-0.0289981068282,13.9672903896
149.200276341,24.0010770123,-0.0290981068282,14.0040155347
149.200376341,24.0011770123,-0.0291981068282,14.0406190722
149.200476341,24.0012770123,-0.0292981068282,14.0742240992
149.200576341,24.0013770123,-0.0293981068282,14.1108416326
149.200676341,24.0014770123,-0.0294981068282,14.1475639784
149.200776341,24.0015770123,-0.0295981068282,14.1840720339
149.200876341,24.0016770123,-0.0296981068282,14.2175414577
149.200976341,24.0017770123,-0.0297981068282,14.2541098504
149.201076341,24.0018770123,-0.0298981068282,14.2909690436
149.36062905,23.8009061906,-15.2634830617,14.3362312819
149.230532947,24.0189884788,-0.00669742253453,14.3661193501
149.153750018,23.8885340879,-0.00710965454281,14.4019226421
149.153850018,23.8886340879,-0.00720965454281,14.434265564
149.202962855,24.0092917533,-0.022265086469,14.4740996304
149.203062855,24.0093917533,-0.022365086469,14.5078887792
149.203162855,24.0094917533,-0.022465086469,14.5411858999
149.203262855,24.0095917533,-0.022565086469,14.5611450758
149.203362855,24.0096917533,-0.022665086469,14.597834454
149.203462855,24.0097917533,-0.022765086469,14.6311937779
149.203562855,24.0098917533,-0.022865086469,14.6512764275
149.203662855,24.0099917533,-0.022965086469,14.6879592742
149.203762855,24.0100917533,-0.023065086469,14.7212744338
149.203862855,24.0101917533,-0.023165086469,14.7579600798
149.203962855,24.0102917533,-0.023265086469,14.7947402747
149.204062855,24.0103917533,-0.023365086469,14.8314436486
149.204162855,24.0104917533,-0.023465086469,14.8680107973
149.242386298,24.0955363505,-0.0271229772513,14.9044361223
149.242486298,24.0956363505,-0.0272229772513,14.93809029
149.242586298,24.0957363505,-0.0273229772513,14.9750207059
149.242686298,24.0958363505,-0.0274229772513,15.0114789988
149.190766491,23.992743488,0.0176133920707,15.0547662819
149.190866491,23.992843488,0.0175133920707,15.0815507161
149.190966491,23.992943488,0.0174133920707,15.1182718179
149.191066491,23.993043488,0.0173133920707,15.1549866994
149.191166491,23.993143488,0.0172133920707,15.1916947385
149.191266491,23.993243488,0.0171133920707,15.2251451903
149.191366491,23.993343488,0.0170133920707,15.2617334881
149.483094306,23.700012019,17.0624223618,15.3072423624
149.1952538,23.9704897048,0.00358269293342,15.3434188743
149.1953538,23.9705897048,0.00348269293342,15.371774875
149.1954538,23.9706897048,0.00338269293342,15.4052309251
149.1955538,23.9707897048,0.00328269293342,15.4419296338
149.1956538,23.9708897048,0.00318269293342,15.4786575779
149.1957538,23.9709897048,0.00308269293342,15.5152014003
149.1958538,23.9710897048,0.00298269293342,15.54870628
149.168697518,23.9450071789,-0.0443567686303,15.5729263827
149.168797518,23.9451071789,-0.0444567686303,15.6053007172
149.168897518,23.9452071789,-0.0445567686303,15.638826124
149.168997518,23.9453071789,-0.0446567686303,15.659086053
149.169097518,23.9454071789,-0.0447567686303,15.6954376672
149.169197518,23.9455071789,-0.0448567686303,15.7288175182
149.169297518,23.9456071789,-0.0449567686303,15.7654956997
149.169397518,23.9457071789,-0.0450567686303,15.8022874023
149.169497518,23.9458071789,-0.0451567686303,15.8389571864
149.169597518,23.9459071789,-0.0452567686303,15.8756440764
149.169697518,23.9460071789,-0.0453567686303,15.9091231417
149.169797518,23.9461071789,-0.0454567686303,15.9456993098
149.169897518,23.9462071789,-0.0455567686303,15.9824595997
149.169997518,23.9463071789,-0.0456567686303,16.0191237855
149.170097518,23.9464071789,-0.0457567686303,16.0556738282
149.170197518,23.9465071789,-0.0458567686303,16.089216963
149.170297518,23.9466071789,-0.0459567686303,16.1258799047
149.170397518,23.9467071789,-0.0460567686303,16.1625758142
149.170497518,23.9468071789,-0.0461567686303,16.1991510492
149.170597518,23.9469071789,-0.0462567686303,16.2326665035
149.170697518,23.9470071789,-0.0463567686303,16.269213125
149.170797518,23.9471071789,-0.0464567686303,16.3060265988
149.170897518,23.9472071789,-0.0465567686303,16.342718154
149.170997518,23.9473071789,-0.0466567686303,16.3794069101
149.171097518,23.9474071789,-0.0467567686303,16.4126614215
149.171197518,23.9475071789,-0.0468567686303,16.4493884326
149.171297518,23.9476071789,-0.0469567686303,16.4861676945
149.171397518,23.9477071789,-0.0470567686303,16.5227905151
149.171497518,23.9478071789,-0.0471567686303,16.5595937253
149.171597518,23.9479071789,-0.0472567686303,16.5929723323
149.340741316,24.0271919227,-13.0518794658,16.6411540829
149.745934668,23.4092244323,-20.6668669241,16.6685418891
149.156623299,23.9376594808,-0.0502969150309,16.7075673125
149.177158102,23.9841826999,0.0275652670616,16.7391460667
149.177258102,23.9842826999,0.0274652670616,16.7731031645
149.177358102,23.9843826999,0.0273652670616,16.8099107289
149.177458102,23.9844826999,0.0272652670616,16.8465176877
149.177558102,23.9845826999,0.0271652670616,16.8831800074
149.177658102,23.9846826999,0.0270652670616,16.9165822516
149.177758102,23.9847826999,0.0269652670616,16.9531839231
149.177858102,23.9848826999,0.0268652670616,16.9899016037
149.177958102,23.9849826999,0.0267652670616,17.0266404335
149.178058102,23.9850826999,0.0266652670616,17.0633500277
149.178158102,23.9851826999,0.0265652670616,17.0965970746
149.178258102,23.9852826999,0.0264652670616,17.1334534687
149.178358102,23.9853826999,0.0263652670616,17.1701033477
149.178458102,23.9854826999,0.0262652670616,17.2067653564
149.178558102,23.9855826999,0.0261652670616,17.2401492506
149.178658102,23.9856826999,0.0260652670616,17.2768818601
149.178758102,23.9857826999,0.0259652670616,17.3136063831
149.178858102,23.9858826999,0.0258652670616,17.3502559511
149.178958102,23.9859826999,0.0257652670616,17.387091196
149.179058102,23.9860826999,0.0256652670616,17.420376187
149.179158102,23.9861826999,0.0255652670616,17.4570475261
149.179258102,23.9862826999,0.0254652670616,17.493769561
149.179358102,23.9863826999,0.0253652670616,17.5303541266
149.179458102,23.9864826999,0.0252652670616,17.5670447487
149.179558102,23.9865826999,0.0251652670616,17.6004258439
149.179658102,23.9866826999,0.0250652670616,17.6371587643
149.179758102,23.9867826999,0.0249652670616,17.6739119008
149.179858102,23.9868826999,0.0248652670616,17.7106037671
149.179958102,23.9869826999,0.0247652670616,17.7442293212
149.180058102,23.9870826999,0.0246652670616,17.7639633212
149.180158102,23.9871826999,0.0245652670616,17.8006340383
149.180258102,23.9872826999,0.0244652670616,17.833968481
149.180358102,23.9873826999,0.0243652670616,17.8707225505
149.180458102,23.9874826999,0.0242652670616,17.9074467625
149.180558102,23.9875826999,0.0241652670616,17.9441131254
149.180658102,23.9876826999,0.0240652670616,17.980886789
149.180758102,23.9877826999,0.0239652670616,18.0141608945
149.180858102,23.9878826999,0.0238652670616,18.05089537
149.180958102,23.9879826999,0.0237652670616,18.0876674785
149.181058102,23.9880826999,0.0236652670616,18.1243425499
149.181158102,23.9881826999,0.0235652670616,18.1609062773
149.181258102,23.9882826999,0.0234652670616,18.1942876835
149.181358102,23.9883826999,0.0233652670616,18.2311403453
149.181458102,23.9884826999,0.0232652670616,18.2677681421
149.181558102,23.9885826999,0.0231652670616,18.304377589
149.181658102,23.9886826999,0.0230652670616,18.3378302179
149.181758102,23.9887826999,0.0229652670616,18.3744222479
149.181858102,23.9888826999,0.0228652670616,18.4111501921
149.181958102,23.9889826999,0.0227652670616,18.4478641405
149.182058102,23.9890826999,0.0226652670616,18.4845892855
149.182158102,23.9891826999,0.0225652670616,18.5178811189
149.182258102,23.9892826999,0.0224652670616,18.554625858
149.182358102,23.9893826999,0.0223652670616,18.5913643767
149.182458102,23.9894826999,0.0222652670616,18.6281333751
149.182558102,23.9895826999,0.0221652670616,18.664780144
149.182658102,23.9896826999,0.0220652670616,18.698065135
149.182758102,23.9897826999,0.0219652670616,18.734884829
149.182858102,23.9898826999,0.0218652670616,18.7716354774
149.182958102,23.9899826999,0.0217652670616,18.8081684142
149.183058102,23.9900826999,0.0216652670616,18.8415765678
149.183158102,23.9901826999,0.0215652670616,18.8782024985
149.183258102,23.9902826999,0.0214652670616,18.9150800417
149.183358102,23.9903826999,0.0213652670616,18.9517949232
149.183458102,23.9904826999,0.0212652670616,18.9883508752
149.183558102,23.9905826999,0.0211652670616,19.0217235728
149.183658102,23.9906826999,0.0210652670616,19.0584023764
149.183758102,23.9907826999,0.0209652670616,19.0950989079
149.183858102,23.9908826999,0.0208652670616,19.1318464462
149.183958102,23.9909826999,0.0207652670616,19.1685268048
149.184058102,23.9910826999,0.0206652670616,19.2017981111
149.184158102,23.9911826999,0.0205652670616,19.238615628
149.184258102,23.9912826999,0.0204652670616,19.2752931875
149.184358102,23.9913826999,0.0203652670616,19.3120155334
149.184458102,23.9914826999,0.0202652670616,19.345368326
149.184558102,23.9915826999,0.0201652670616,19.3654096103
149.184658102,23.9916826999,0.0200652670616,19.4020992995
149.184758102,23.9917826999,0.0199652670616,19.435432187
149.184858102,23.9918826999,0.0198652670616,19.4720257721
149.184958102,23.9919826999,0.0197652670616,19.508879678
149.185058102,23.9920826999,0.0196652670616,19.5455699891
149.185158102,23.9921826999,0.0195652670616,19.5821526886
149.185258102,23.9922826999,0.0194652670616,19.6154955287
149.185358102,23.9923826999,0.0193652670616,19.6524446056
149.185458102,23.9924826999,0.0192652670616,19.6889187603
149.185558102,23.9925826999,0.0191652670616,19.7255981859
149.185658102,23.9926826999,0.0190652670616,19.7589466243
149.185758102,23.9927826999,0.0189652670616,19.7956593286
149.185858102,23.9928826999,0.0188652670616,19.8324189965
149.185958102,23.9929826999,0.0187652670616,19.8691139729
149.186058102,23.9930826999,0.0186652670616,19.9060341254
149.186158102,23.9931826999,0.0185652670616,19.9392127487
149.186258102,23.9932826999,0.0184652670616,19.9758402345
149.186358102,23.9933826999,0.0183652670616,20.012611721
149.186458102,23.9934826999,0.0182652670616,20.0493135398
149.186558102,23.9935826999,0.0181652670616,20.0826473604
149.186658102,23.9936826999,0.0180652670616,20.1026690507
149.186758102,23.9937826999,0.0179652670616,20.1392501951
149.186858102,23.9938826999,0.0178652670616,20.1726872732
149.186958102,23.9939826999,0.0177652670616,20.1927711668
149.187058102,23.9940826999,0.0176652670616,20.2293367603
149.187158102,23.9941826999,0.0175652670616,20.2628242231
149.187258102,23.9942826999,0.0174652670616,20.2993789311
149.187358102,23.9943826999,0.0173652670616,20.3361665904
149.187458102,23.9944826999,0.0172652670616,20.372827666
149.187558102,23.9945826999,0.0171652670616,20.4095067806
149.187658102,23.9946826999,0.0170652670616,20.4429080918
149.187758102,23.9947826999,0.0169652670616,20.47965563
149.187858102,23.9948826999,0.0168652670616,20.5163446972
149.187958102,23.9949826999,0.0167652670616,20.5530443388
149.188058102,23.9950826999,0.0166652670616,20.5863722501
149.188158102,23.9951826999,0.0165652670616,20.6230852655
149.188258102,23.9952826999,0.0164652670616,20.659799525
149.188358102,23.9953826999,0.0163652670616,20.6964649548
149.188458102,23.9954826999,0.0162652670616,20.7331422033
149.188558102,23.9955826999,0.0161652670616,20.7665873678
149.188658102,23.9956826999,0.0160652670616,20.8032848324
149.188758102,23.9957826999,0.0159652670616,20.8400084223
149.188858102,23.9958826999,0.0158652670616,20.8767282801
149.188958102,23.9959826999,0.0157652670616,20.9132957397
149.189058102,23.9960826999,0.0156652670616,20.9466752798
149.189158102,23.9961826999,0.0155652670616,20.9833512842
149.189258102,23.9962826999,0.0154652670616,21.0200820275
149.189358102,23.9963826999,0.0153652670616,21.0567794921
149.189458102,23.9964826999,0.0152652670616,21.0934816219
149.189558102,23.9965826999,0.0151652670616,21.1268838661
149.189658102,23.9966826999,0.0150652670616,21.1636366916
149.189758102,23.9967826999,0.0149652670616,21.2002980783
149.189858102,23.9968826999,0.0148652670616,21.2369775039
149.189958102,23.9969826999,0.0147652670616,21.2703458473
149.190058102,23.9970826999,0.0146652670616,21.2903737579
149.190158102,23.9971826999,0.0145652670616,21.3271029462
149.190258102,23.9972826999,0.0144652670616,21.3604009999
149.190358102,23.9973826999,0.0143652670616,21.3970872678
149.190458102,23.9974826999,0.0142652670616,21.4339113161
149.190558102,23.9975826999,0.0141652670616,21.4705559079
149.190658102,23.9976826999,0.0140652670616,21.5071243006
149.190758102,23.9977826999,0.0139652670616,21.5404186221
149.190858102,23.9978826999,0.0138652670616,21.5773720532
149.190958102,23.9979826999,0.0137652670616,21.6139031239
149.191058102,23.9980826999,0.0136652670616,21.6506923384
149.191158102,23.9981826999,0.0135652670616,21.6840196276
149.191258102,23.9982826999,0.0134652670616,21.7205923746
149.191358102,23.9983826999,0.0133652670616,21.7574307296
149.191458102,23.9984826999,0.0132652670616,21.7941113993
149.191558102,23.9985826999,0.0131652670616,21.8307690537
149.191658102,23.9986826999,0.0130652670616,21.8640820362
149.191758102,23.9987826999,0.0129652670616,21.900915726
149.191858102,23.9988826999,0.0128652670616,21.937602305
149.191958102,23.9989826999,0.0127652670616,21.974212996
149.192058102,23.9990826999,0.0126652670616,22.0075517928
149.192158102,23.9991826999,0.0125652670616,22.0276173364
149.192258102,23.9992826999,0.0124652670616,22.0643082697
149.192358102,23.9993826999,0.0123652670616,22.0976619953
149.192458102,23.9994826999,0.0122652670616,22.1344023801
149.192558102,23.9995826999,0.0121652670616,22.1711937717
149.192658102,23.9996826999,0.0120652670616,22.2078731973
149.192758102,23.9997826999,0.0119652670616,22.2445631975
149.192858102,23.9998826999,0.0118652670616,22.2779408714
149.192958102,23.9999826999,0.0117652670616,22.3144486159
149.193058102,24.0000826999,0.0116652670616,22.3512201024
149.193158102,24.0001826999,0.0115652670616,22.3879300076
149.193258102,24.0002826999,0.0114652670616,22.424606323
149.193358102,24.0003826999,0.0113652670616,22.4580104334
149.193458102,24.0004826999,0.0112652670616,22.4946855047
149.193558102,24.0005826999,0.0111652670616,22.5313950989
149.193658102,24.0006826999,0.0110652670616,22.568139527
149.193758102,24.0007826999,0.0109652670616,22.6014730366
149.193858102,24.0008826999,0.0108652670616,22.6215183641
149.193958102,24.0009826999,0.0107652670616,22.6582226711
149.194058102,24.0010826999,0.0106652670616,22.6915767077
149.194158102,24.0011826999,0.0105652670616,22.7282194334
149.194258102,24.0012826999,0.0104652670616,22.7650167342
149.194358102,24.0013826999,0.0103652670616,22.8017225963
149.194458102,24.0014826999,0.0102652670616,22.8383233347
149.194558102,24.0015826999,0.0101652670616,22.8717787627
149.194658102,24.0016826999,0.0100652670616,22.9083144987
149.194758102,24.0017826999,0.00996526706157,22.9452455367
149.194858102,24.0018826999,0.00986526706157,22.9817921582
149.194958102,24.0019826999,0.00976526706157,23.0185229015
149.195058102,24.0020826999,0.00966526706157,23.0518424154
149.232852646,24.0319864128,-0.00915286107198,23.0896971725
149.769103545,23.3288577655,-21.2773985488,23.1344260174
149.234247278,23.9877200063,0.0117056975016,23.1674640613
149.19234135,23.9229655696,0.0140241016279,23.2030275595
149.19244135,23.9230655696,0.0139241016279,23.2319906645
149.19254135,23.9231655696,0.0138241016279,23.2688221772
149.19264135,23.9232655696,0.0137241016279,23.305466458
149.19274135,23.9233655696,0.0136241016279,23.3422021776
149.19284135,23.9234655696,0.0135241016279,23.3755845167
149.19294135,23.9235655696,0.0134241016279,23.4122154237
149.19304135,23.9236655696,0.0133241016279,23.4490260983
149.339268685,23.8093229585,14.1088576672,23.494841013
149.344117545,23.9266970403,13.1222146583,23.5224026775
149.242475484,24.0079429892,-0.0357612763912,23.5634098984
149.217330276,23.9705174945,0.00142482737966,23.597082727
149.217430276,23.9706174945,0.00132482737966,23.6291339153
149.217530276,23.9707174945,0.00122482737966,23.6657334097
149.217630285,23.9708174757,0.120089266842,23.7025164038
149.217730293,23.9709174568,-0.0826459450901,23.7357637618
149.184801196,23.9144130811,0.0119065146905,23.7765846837
149.184901196,23.9145130811,0.0118065146905,23.8092992704
149.185001196,23.9146130811,0.0117065146905,23.8459693655
149.185101196,23.9147130811,0.0116065146905,23.8792801709
149.185201196,23.9148130811,0.0115065146905,23.8994150712
149.185301196,23.9149130811,0.0114065146905,23.9360559307
149.185401196,23.9150130811,0.0113065146905,23.9694270733
149.185501196,23.9151130811,0.0112065146905,24.0061161404
149.185601196,23.9152130811,0.0111065146905,24.0428860718
149.185701196,23.9153130811,0.0110065146905,24.0796233465
149.185801196,23.9154130811,0.0109065146905,24.116262029
149.185901196,23.9155130811,0.0108065146905,24.1496297504
149.186001196,23.9156130811,0.0107065146905,24.1863418327
149.186101196,23.9157130811,0.0106065146905,24.223091859
149.165946649,23.915310245,-0.00810341179314,24.2638117006
149.166046649,23.915410245,-0.00820341179314,24.2963626926
149.166146649,23.915510245,-0.00830341179314,24.3296772301
149.166246649,23.915610245,-0.00840341179314,24.3664521378
149.166346649,23.915710245,-0.00850341179314,24.4032083845
149.166446649,23.915810245,-0.00860341179314,24.4398165873
149.166546649,23.915910245,-0.00870341179314,24.4731756003
149.166646649,23.916010245,-0.00880341179314,24.4932156405
149.166746649,23.916110245,-0.00890341179314,24.5299043966
149.166846649,23.916210245,-0.00900341179314,24.5632808265
149.166946649,23.916310245,-0.00910341179314,24.5999835783
149.167046649,23.916410245,-0.00920341179314,24.6367115225
149.167146649,23.916510245,-0.00930341179314,24.6734425769
149.167246649,23.916610245,-0.00940341179314,24.7101835837
149.167346649,23.916710245,-0.00950341179314,24.7434670196
149.167446649,23.916810245,-0.00960341179314,24.7801946528
149.167546649,23.916910245,-0.00970341179314,24.8168902513
149.167646649,23.917010245,-0.00980341179314,24.8536365454
149.167746649,23.917110245,-0.00990341179314,24.8902288864
149.167846649,23.917210245,-0.0100034117931,24.9235530655
149.16794666,23.9173102219,-0.211347422226,24.9603173986
149.174211504,23.814575569,-0.0438448614768,25.0014714193
149.174311504,23.814675569,-0.0439448614768,25.033660388
149.189627707,23.8516377911,0.0260190673023,25.0705525489
149.189727707,23.8517377911,0.0259190673023,25.1037915094
149.189827707,23.8518377911,0.0258190673023,25.1405017257
149.189927707,23.8519377911,0.0257190673023,25.1772274927
149.190027707,23.8520377911,0.0256190673023,25.2139548149
149.190127707,23.8521377911,0.0255190673023,25.2472914346
149.190227707,23.8522377911,0.0254190673023,25.2839494001
149.256943872,24.0289103277,0.0409750780998,25.3242182677
149.257043872,24.0290103277,0.0408750780998,25.357378541
149.257143872,24.0291103277,0.0407750780998,25.3941164378
149.257243872,24.0292103277,0.0406750780998,25.4274838481
149.257343872,24.0293103277,0.0405750780998,25.4642046389
149.257443872,24.0294103277,0.0404750780998,25.5008629154
149.257543872,24.0295103277,0.0403750780998,25.5375784189
149.44452211,23.6100364144,16.8252150047,25.5823766205
149.217081536,23.9033004086,0.000387460027966,25.6128546872
149.217181545,23.9034003894,0.108382552782,25.644276378
149.217281554,23.9035003711,-0.172375750203,25.68100059
149.245865508,23.954238221,-0.000437792800216,25.7221875784
149.325474286,23.7402225072,14.0416531625,25.7591095969
149.223125444,23.9368268364,-0.0309516279413,25.7927077816
149.223034003,23.978435004,0.037226670181,25.8287325174
149.223134003,23.978535004,0.037126670181,25.8611811849
149.223234003,23.978635004,0.037026670181,25.897870874
149.223334003,23.978735004,0.036926670181,25.9312790276
149.223434003,23.978835004,0.036826670181,25.9679696498
149.223534003,23.978935004,0.036726670181,26.0046926177
149.223634003,23.979035004,0.036626670181,26.0413872831
149.223734003,23.979135004,0.036526670181,26.0780567562
149.223834003,23.979235004,0.036426670181,26.1114275877
149.176401205,23.8943192132,0.000139874978601,26.1533551066
149.244431123,24.0085361857,0.0390403700995,26.1903243996
149.244531123,24.0086361857,0.0389403700995,26.2216285262
149.866162567,23.3505357986,21.6659259058,26.2672599411
149.493096861,23.9270044126,15.7245966413,26.2942595987
149.229908145,24.0191448408,0.0067310753265,26.3343253725
149.230008145,24.0192448408,0.0066310753265,26.364988805
149.230108145,24.0193448408,0.0065310753265,26.4016859585
149.230208145,24.0194448408,0.0064310753265,26.4351731103
149.230308145,24.0195448408,0.0063310753265,26.4551823599
149.230408145,24.0196448408,0.0062310753265,26.49175915
149.275788628,24.0562304697,-0.00547224838554,26.5258642917
149.223061593,23.9852066666,0.000763736084311,26.573609375
149.268405255,24.0949380067,0.00726999306307,26.6020362875
149.268505255,24.0950380067,0.00716999306307,26.6352662286
149.268605255,24.0951380067,0.00706999306307,26.6719587169
149.268705255,24.0952380067,0.00696999306307,26.7052744985
149.268805255,24.0953380067,0.00686999306307,26.7420058639
149.218336505,24.0134732231,0.00969470316625,26.7825338083
149.218436505,24.0135732231,0.00959470316625,26.8154322057
149.218536505,24.0136732231,0.00949470316625,26.8520102399
149.218636505,24.0137732231,0.00939470316625,26.8852840343
149.218736505,24.0138732231,0.00929470316625,26.9222377765
149.218836505,24.0139732231,0.00919470316625,26.9590058418
149.218936505,24.0140732231,0.00909470316625,26.9955166965
149.219036505,24.0141732231,0.00899470316625,27.029019399
149.219136505,24.0142732231,0.00889470316625,27.0488880692
149.219236505,24.0143732231,0.00879470316625,27.0856390286
149.219336505,24.0144732231,0.00869470316625,27.1191330227
149.219436505,24.0145732231,0.00859470316625,27.1556528968
149.219536505,24.0146732231,0.00849470316625,27.1924144308
149.219636505,24.0147732231,0.00839470316625,27.2290960335
149.219736505,24.0148732231,0.00829470316625,27.2657798133
149.219836505,24.0149732231,0.00819470316625,27.2991226534
149.219936505,24.0150732231,0.00809470316625,27.3358984942
149.220036505,24.0151732231,0.00799470316625,27.3726087104
149.220136505,24.0152732231,0.00789470316625,27.4093046199
149.220236505,24.0153732231,0.00779470316625,27.4426343972
149.220336505,24.0154732231,0.00769470316625,27.4626943426
149.220436505,24.0155732231,0.00759470316625,27.4993420445
149.220536505,24.0156732231,0.00749470316625,27.5326668456
149.220636505,24.0157732231,0.00739470316625,27.5694084745
149.220736505,24.0158732231,0.00729470316625,27.6061385958
149.220836505,24.0159732231,0.00719470316625,27.6427396452
149.220936505,24.0160732231,0.00709470316625,27.679496825
149.221036505,24.0161732231,0.00699470316625,27.7128626803
149.221136505,24.0162732231,0.00689470316625,27.7494593755
149.221236505,24.0163732231,0.00679470316625,27.78630675
149.221336505,24.0164732231,0.00669470316625,27.8229504087
149.221436505,24.0165732231,0.00659470316625,27.8596534716
149.221536505,24.0166732231,0.00649470316625,27.892965521
149.221636505,24.0167732231,0.00639470316625,27.9297811719
149.221736505,24.0168732231,0.00629470316625,27.9664721051
149.221836505,24.0169732231,0.00619470316625,28.0031101655
149.221936505,24.0170732231,0.00609470316625,28.0364290573
149.222036505,24.0171732231,0.00599470316625,28.0565751542
149.222136505,24.0172732231,0.00589470316625,28.0932632883
149.222236505,24.0173732231,0.00579470316625,28.1265868453
149.222336505,24.0174732231,0.00569470316625,28.163286176
149.222436505,24.0175732231,0.00559470316625,28.2000054117
149.222536505,24.0176732231,0.00549470316625,28.236735533
149.222636505,24.0177732231,0.00539470316625,28.2732706469
149.222736505,24.0178732231,0.00529470316625,28.3068358638
149.222836505,24.0179732231,0.00519470316625,28.3433715998
149.222936505,24.0180732231,0.00509470316625,28.3800877253
149.223036505,24.0181732231,0.00499470316625,28.4168725855
149.223136505,24.0182732231,0.00489470316625,28.4535258858
149.223236505,24.0183732231,0.00479470316625,28.4869564325
149.223336505,24.0184732231,0.00469470316625,28.5236700699
149.223436505,24.0185732231,0.00459470316625,28.5603911717
149.223536505,24.0186732231,0.00449470316625,28.5970180355
149.223636505,24.0187732231,0.00439470316625,28.6337630856
149.223736505,24.0188732231,0.00429470316625,28.6670648715
149.223836505,24.0189732231,0.00419470316625,28.7038512868
149.223936505,24.0190732231,0.00409470316625,28.7405851403
149.224036505,24.0191732231,0.00399470316625,28.7773077972
149.224136505,24.0192732231,0.00389470316625,28.8106033628
149.401000444,23.8547595232,15.0680316972,28.8402217797
149.474930937,23.8358998071,16.1264513087,28.8674030709
149.452919913,23.9160686516,15.0770865126,28.900915415
149.472011126,23.8020538621,16.2664359704,28.9210795509
149.25590908,24.0957759342,0.0103490667342,28.9637332934
149.25600908,24.0958759342,0.0102490667342,28.9908259449
149.25610908,24.0959759342,0.0101490667342,29.0107291379
149.25620908,24.0960759342,0.0100490667342,29.0474844515
149.25630908,24.0961759342,0.00994906673419,29.0809184194
149.25640908,24.0962759342,0.00984906673419,29.117502674
149.720154673,23.6254007531,-19.8796740888,29.1633642411
149.20324548,24.0482400987,-0.00811411698524,29.1978217645
149.20334548,24.0483400987,-0.00821411698524,29.2276986362
149.20344548,24.0484400987,-0.00831411698524,29.2610172169
149.20354548,24.0485400987,-0.00841411698524,29.2977221459
149.20364548,24.0486400987,-0.00851411698524,29.334560812
149.20374548,24.0487400987,-0.00861411698524,29.3711456885
149.20384548,24.0488400987,-0.00871411698524,29.4078848293
149.20394548,24.0489400987,-0.00881411698524,29.4412214491
149.20404548,24.0490400987,-0.00891411698524,29.4779708534
149.20414548,24.0491400987,-0.00901411698524,29.5147096832
149.20424548,24.0492400987,-0.00911411698524,29.5512647021
149.20434548,24.0493400987,-0.00921411698524,29.5847817115
149.20444548,24.0494400987,-0.00931411698524,29.6047219154
149.20454548,24.0495400987,-0.00941411698524,29.6413509564
148.928728759,24.3568972177,0.0050959672093,29.6819485684
148.928828759,24.3569972177,0.0049959672093,29.7114323152
148.928928759,24.3570972177,0.0048959672093,29.7481605704
148.929028759,24.3571972177,0.0047959672093,29.7848679875
148.929128759,24.3572972177,0.0046959672093,29.8215533224
148.929228759,24.3573972177,0.0045959672093,29.8549278861
148.929328759,24.3574972177,0.0044959672093,29.8915653245
148.929428759,24.3575972177,0.0043959672093,29.9283651135
148.929528759,24.3576972177,0.0042959672093,29.965098034
148.92962877,24.3577971947,0.0853986694083,30.001880095
148.92972877,24.3578971947,0.0852986694083,30.0351153234
148.92982877,24.3579971947,0.0851986694083,30.0718407794
148.92992877,24.3580971947,0.0850986694083,30.1085236262
148.93002877,24.3581971947,0.0849986694083,30.1451660408
148.93012877,24.3582971947,0.0848986694083,30.1785990757
148.93022877,24.3583971947,0.0847986694083,30.1986611982
148.93032877,24.3584971947,0.0846986694083,30.2352445197
148.93042877,24.3585971947,0.0845986694083,30.2686887511
148.93052877,24.3586971947,0.0844986694083,30.3052726946
148.93062877,24.3587971947,0.0843986694083,30.3419825999
148.93072877,24.3588971947,0.0842986694083,30.3787329372
148.93082877,24.3589971947,0.0841986694083,30.4154213823
148.93092877,24.3590971947,0.0840986694083,30.4487393411
148.93102877,24.3591971947,0.0839986694083,30.4854890564
148.93112877,24.3592971947,0.0838986694083,30.5222089142
148.93122877,24.3593971947,0.0837986694083,30.5589225516
148.93132877,24.3594971947,0.0836986694083,30.5956069535
148.93142877,24.3595971947,0.0835986694083,30.6290042214
148.93152877,24.3596971947,0.0834986694083,30.6658777214
148.93162877,24.3597971947,0.0833986694083,30.7023776904
148.93172877,24.3598971947,0.0832986694083,30.7391053236
148.93182877,24.3599971947,0.0831986694083,30.772454384
148.93192877,24.3600971947,0.0830986694083,30.8091857493
148.93202877,24.3601971947,0.0829986694083,30.845847136
148.93212877,24.3602971947,0.0828986694083,30.8825996505
148.93222877,24.3603971947,0.0827986694083,30.9191748855
148.93232877,24.3604971947,0.0826986694083,30.9526132077
148.93242877,24.3605971947,0.0825986694083,30.989230741
148.93252877,24.3606971947,0.0824986694083,31.0259148319
148.93262877,24.3607971947,0.0823986694083,31.062641532
148.93272877,24.3608971947,0.0822986694083,31.0961028693
148.93282877,24.3609971947,0.0821986694083,31.1160035742
148.93292877,24.3610971947,0.0820986694083,31.1527262311
148.93302877,24.3611971947,0.0819986694083,31.1860625398
148.93312877,24.3612971947,0.0818986694083,31.2227851967
148.93322877,24.3613971947,0.0817986694083,31.2595790764
148.93332877,24.3614971947,0.0816986694083,31.2963023554
148.93342877,24.3615971947,0.0815986694083,31.3329366836
148.93352877,24.3616971947,0.0814986694083,31.3662440677
148.93362877,24.3617971947,0.0813986694083,31.402936556
148.93372877,24.3618971947,0.0812986694083,31.4397789543
148.93382877,24.3619971947,0.0811986694083,31.4764107944
148.93392877,24.3620971947,0.0810986694083,31.512978254
148.93402877,24.3621971947,0.0809986694083,31.5464650948
148.93412877,24.3622971947,0.0808986694083,31.5832008144
148.93422877,24.3623971947,0.0807986694083,31.6198789959
148.93432877,24.3624971947,0.0806986694083,31.6564582742
148.93442877,24.3625971947,0.0805986694083,31.6899556895
148.93452877,24.3626971947,0.0804986694083,31.7264951576
148.93462877,24.3627971947,0.0803986694083,31.7633216941
148.93472877,24.3628971947,0.0802986694083,31.7999784155
148.93482877,24.3629971947,0.0801986694083,31.8367069817
148.93492877,24.3630971947,0.0800986694083,31.8699841972
148.93502877,24.3631971947,0.0799986694083,31.9067018779
148.93512877,24.3632971947,0.0798986694083,31.9435321465
148.93522877,24.3633971947,0.0797986694083,31.9802168594
148.93532877,24.3634971947,0.0796986694083,32.0169021943
148.93542877,24.3635971947,0.0795986694083,32.0502341488
148.93552877,24.3636971947,0.0794986694083,32.086925393
148.93562877,24.3637971947,0.0793986694083,32.1236769745
148.93572877,24.3638971947,0.0792986694083,32.1603903009
148.93582877,24.3639971947,0.0791986694083,32.1938519493
148.93592877,24.3640971947,0.0790986694083,32.2137965075
148.93602877,24.3641971947,0.0789986694083,32.2504725119
148.93612877,24.3642971947,0.0788986694083,32.2838038444
148.93622877,24.3643971947,0.0787986694083,32.3038441956
148.93632877,24.3644971947,0.0786986694083,32.3403855299
148.93642877,24.3645971947,0.0785986694083,32.3739012952
148.93652877,24.3646971947,0.0784986694083,32.4104616014
148.93662877,24.3647971947,0.0783986694083,32.4472455286
148.93672877,24.3648971947,0.0782986694083,32.4839003839
148.93682877,24.3649971947,0.0781986694083,32.5206283281
148.93692877,24.3650971947,0.0780986694083,32.5539254487
148.93702877,24.3651971947,0.0779986694083,32.5906891598
148.93712877,24.3652971947,0.0778986694083,32.6274205252
148.93722877,24.3653971947,0.0777986694083,32.6640728923
148.93732877,24.3654971947,0.0776986694083,32.6974322163
148.93742877,24.3655971947,0.0775986694083,32.7174573278
148.93752877,24.3656971947,0.0774986694083,32.7541905592
148.93762877,24.3657971947,0.0773986694083,32.7874985654
148.93772877,24.3658971947,0.0772986694083,32.8241829673
148.93782877,24.3659971947,0.0771986694083,32.8608549285
148.93792877,24.3660971947,0.0770986694083,32.8976332574
148.93802877,24.3661971947,0.0769986694083,32.9343804846
148.93812877,24.3662971947,0.0768986694083,32.9676804044
148.93822877,24.3663971947,0.0767986694083,33.0043150436
148.93832877,24.3664971947,0.0766986694083,33.0411723707
148.93842877,24.3665971947,0.0765986694083,33.077772487
148.93852877,24.3666971947,0.0764986694083,33.1112164075
148.93862877,24.3667971947,0.0763986694083,33.1311304861
148.93872877,24.3668971947,0.0762986694083,33.1678142659
148.93882877,24.3669971947,0.0761986694083,33.2012065576
148.93892877,24.3670971947,0.0760986694083,33.2378315553
148.93902877,24.3671971947,0.0759986694083,33.2745775384
148.93912877,24.3672971947,0.0758986694083,33.3113437377
148.93922877,24.3673971947,0.0757986694083,33.3480486666
148.93932877,24.3674971947,0.0756986694083,33.3813859084
148.93942877,24.3675971947,0.0755986694083,33.4181107424
148.93952877,24.3676971947,0.0754986694083,33.4549015119
148.93962877,24.3677971947,0.0753986694083,33.4915380173
148.93972877,24.3678971947,0.0752986694083,33.5280053296
148.93982877,24.3679971947,0.0751986694083,33.5615829871
148.93992877,24.3680971947,0.0750986694083,33.5982944475
148.94002877,24.3681971947,0.0749986694083,33.6348522656
148.94012877,24.3682971947,0.0748986694083,33.6715264039
148.94022877,24.3683971947,0.0747986694083,33.7050710937
148.94032877,24.3684971947,0.0746986694083,33.7249630901
148.94042877,24.3685971947,0.0745986694083,33.7617115614
148.94052877,24.3686971947,0.0744986694083,33.7949996625
148.94062877,24.3687971947,0.0743986694083,33.831733205
148.94072877,24.3688971947,0.0742986694083,33.8684692356
148.94082877,24.3689971947,0.0741986694083,33.9051741646
148.94092877,24.3690971947,0.0740986694083,33.9418448817
148.94102877,24.3691971947,0.0739986694083,33.9751777693
148.94112877,24.3692971947,0.0738986694083,34.0119193982
148.94122877,24.3693971947,0.0737986694083,34.048678133
148.94132877,24.3694971947,0.0736986694083,34.0853513383
148.94142877,24.3695971947,0.0735986694083,34.1186733403
148.94152877,24.3696971947,0.0734986694083,34.1387292424
148.94162877,24.3697971947,0.0733986694083,34.175427329
148.94172877,24.3698971947,0.0732986694083,34.2087639487
148.94182877,24.3699971947,0.0731986694083,34.2454477285
148.94192877,24.3700971947,0.0730986694083,34.2821414609
148.94202877,24.3701971947,0.0729986694083,34.3189095262
148.94212877,24.3702971947,0.0728986694083,34.3554897375
148.94222877,24.3703971947,0.0727986694083,34.3889308588
148.94232877,24.3704971947,0.0726986694083,34.4255244439
148.94242877,24.3705971947,0.0725986694083,34.4622909541
148.94252877,24.3706971947,0.0724986694083,34.4989958831
148.94262877,24.3707971947,0.0723986694083,34.5357138747
148.94272877,24.3708971947,0.0722986694083,34.5690305894
148.94282877,24.3709971947,0.0721986694083,34.6058014539
148.94292877,24.3710971947,0.0720986694083,34.6424379592
148.94302877,24.3711971947,0.0719986694083,34.6791341797
148.94312877,24.3712971947,0.0718986694083,34.7125846315
148.94322877,24.3713971947,0.0717986694083,34.7492152275
148.94332877,24.3714971947,0.0716986694083,34.7860031979
148.94342877,24.3715971947,0.0715986694083,34.8227084378
148.94352877,24.3716971947,0.0714986694083,34.8592982907
148.94362877,24.3717971947,0.0713986694083,34.892683429
148.94372877,24.3718971947,0.0712986694083,34.9294135503
148.94382877,24.3719971947,0.0711986694083,34.9661019954
148.94392877,24.3720971947,0.0710986694083,35.0026644788
148.94402877,24.3721971947,0.0709986694083,35.0361307924
148.94412877,24.3722971947,0.0708986694083,35.0560066159
148.94422877,24.3723971947,0.0707986694083,35.0927790355
148.94432877,24.3724971947,0.0706986694083,35.1262176687
148.94442877,24.3725971947,0.0705986694083,35.1628112537
148.94452877,24.3726971947,0.0704986694083,35.1995653233
148.94462877,24.3727971947,0.0703986694083,35.2362786497
148.94472877,24.3728971947,0.0702986694083,35.2729064465
148.94482877,24.3729971947,0.0701986694083,35.3063030925
148.94492877,24.3730971947,0.0700986694083,35.3430313477
148.94502877,24.3731971947,0.0699986694083,35.379800035
148.94512877,24.3732971947,0.0698986694083,35.4164259658
148.94522877,24.3733971947,0.0697986694083,35.4532164243
148.94532877,24.3734971947,0.0696986694083,35.4864914628
148.94542877,24.3735971947,0.0695986694083,35.5232178519
148.94552877,24.3736971947,0.0694986694083,35.5599489062
148.94562877,24.3737971947,0.0693986694083,35.5966109149
148.94572877,24.3738971947,0.0692986694083,35.6299814354
148.94582877,24.3739971947,0.0691986694083,35.6665423637
148.94592877,24.3740971947,0.0690986694083,35.7034289263
148.94602877,24.3741971947,0.0689986694083,35.7399910987
148.94612877,24.3742971947,0.0688986694083,35.7767293064
148.94622877,24.3743971947,0.0687986694083,35.8099629797
148.94632877,24.3744971947,0.0686986694083,35.8467655679
148.94642877,24.3745971947,0.0685986694083,35.8834792053
148.94652877,24.3746971947,0.0684986694083,35.9201832012
148.94662877,24.3747971947,0.0683986694083,35.9535223091
148.94672877,24.3748971947,0.0682986694083,35.9735866086
148.94682877,24.3749971947,0.0681986694083,36.0102293343
148.94692877,24.3750971947,0.0680986694083,36.0435774616
148.94702877,24.3751971947,0.0679986694083,36.0636737959
148.94712877,24.3752971947,0.0678986694083,36.1004138697
148.94722877,24.3753971947,0.0677986694083,36.1337433361
148.94732877,24.3754971947,0.0676986694083,36.1704156083
148.94742877,24.3755971947,0.0675986694083,36.2071758982
148.94752877,24.3756971947,0.0674986694083,36.2438556348
148.94762877,24.3757971947,0.0673986694083,36.280488719
148.94772877,24.3758971947,0.0672986694083,36.3139842682
148.94782877,24.3759971947,0.0671986694083,36.3505128507
148.94792877,24.3760971947,0.0670986694083,36.3872560347
148.94802877,24.3761971947,0.0669986694083,36.4239245748
148.94812877,24.3762971947,0.0668986694083,36.4573846681
148.94822877,24.3763971947,0.0667986694083,36.4773180297
148.94832877,24.3764971947,0.0666986694083,36.5140329111
148.94842877,24.3765971947,0.0665986694083,36.547521929
148.94852877,24.3766971947,0.0664986694083,36.584058598
148.94862877,24.3767971947,0.0663986694083,36.6207955617
148.94872877,24.3768971947,0.0662986694083,36.6574756093
148.94882877,24.3769971947,0.0661986694083,36.6941973332
148.94892877,24.3770971947,0.0660986694083,36.7275311538
148.94902877,24.3771971947,0.0659986694083,36.7643141479
148.94912877,24.3772971947,0.0658986694083,36.8009780226
148.94922877,24.3773971947,0.0657986694083,36.8376729991
148.94932877,24.3774971947,0.0656986694083,36.8710117959
148.94942877,24.3775971947,0.0655986694083,36.8910524582
148.94952877,24.3776971947,0.0654986694083,36.9277517889
148.94962877,24.3777971947,0.0653986694083,36.9611033374
148.94972877,24.3778971947,0.0652986694083,36.9977687673
148.94982877,24.3779971947,0.0651986694083,37.0345038648
148.94992877,24.3780971947,0.0650986694083,37.0711758261
148.95002877,24.3781971947,0.0649986694083,37.1077995797
148.95012877,24.3782971947,0.0648986694083,37.1411756985
148.95022877,24.3783971947,0.0647986694083,37.1778737851
148.95032877,24.3784971947,0.0646986694083,37.2146166581
148.95042877,24.3785971947,0.0645986694083,37.2513663735
148.95052877,24.3786971947,0.0644986694083,37.2880762787
148.95062877,24.3787971947,0.0643986694083,37.3213600256
148.95072877,24.3788971947,0.0642986694083,37.3581140952
148.95082877,24.3789971947,0.0641986694083,37.3948616334
148.95092877,24.3790971947,0.0640986694083,37.4315534997
148.95102877,24.3791971947,0.0639986694083,37.4649588541
148.95112877,24.3792971947,0.0638986694083,37.485123923
148.95122877,24.3793971947,0.0637986694083,37.5216823632
148.95132877,24.3794971947,0.0636986694083,37.5549567796
148.95142877,24.3795971947,0.0635986694083,37.5916492679
148.95152877,24.3796971947,0.0634986694083,37.6283852985
148.95162877,24.3797971947,0.0633986694083,37.6650874283
148.95172877,24.3798971947,0.0632986694083,37.7016990523
148.95182877,24.3799971947,0.0631986694083,37.7349759569
148.95192877,24.3800971947,0.0630986694083,37.7717511756
148.95202877,24.3801971947,0.0629986694083,37.8085574959
148.95212877,24.3802971947,0.0628986694083,37.8451277547
148.95222877,24.3803971947,0.0627986694083,37.8785732302
148.95232877,24.3804971947,0.0626986694083,37.8985137452
148.95242877,24.3805971947,0.0625986694083,37.9352606614
148.95252877,24.3806971947,0.0624986694083,37.9685870176
148.95262877,24.3807971947,0.0623986694083,38.0052536915
148.95272877,24.3808971947,0.0622986694083,38.0419782145
148.95282877,24.3809971947,0.0621986694083,38.0787811137
148.95292877,24.3810971947,0.0620986694083,38.1154235283
148.95302877,24.3811971947,0.0619986694083,38.1488220404
148.95312877,24.3812971947,0.0618986694083,38.1854884033
148.95322877,24.3813971947,0.0617986694083,38.2222116822
148.95332877,24.3814971947,0.0616986694083,38.2588839544
148.95342877,24.3815971947,0.0615986694083,38.2955167276
148.95352877,24.3816971947,0.0614986694083,38.3289699785
148.95362877,24.3817971947,0.0613986694083,38.3657619921
148.95372877,24.3818971947,0.0612986694083,38.4023104797
148.95382877,24.3819971947,0.0611986694083,38.4389740435
148.95392877,24.3820971947,0.0610986694083,38.4724496876
148.95402877,24.3821971947,0.0609986694083,38.5090224346
148.95412877,24.3822971947,0.0608986694083,38.5458057397
148.95422877,24.3823971947,0.0607986694083,38.5824581068
148.95432877,24.3824971947,0.0606986694083,38.619204712
148.95442877,24.3825971947,0.0605986694083,38.6525279581
148.95452877,24.3826971947,0.0604986694083,38.6892602565
148.95462877,24.3827971947,0.0603986694083,38.72597576
148.95472877,24.3828971947,0.0602986694083,38.7627180109
148.95482877,24.3829971947,0.0601986694083,38.7993632247
148.95492877,24.3830971947,0.0600986694083,38.832784441
148.95502877,24.3831971947,0.0599986694083,38.8694781733
148.95512877,24.3832971947,0.0598986694083,38.9062061175
148.95522877,24.3833971947,0.0597986694083,38.9428681262
148.95532877,24.3834971947,0.0596986694083,38.9762199857
148.95542877,24.3835971947,0.0595986694083,38.9962351447
148.95552877,24.3836971947,0.0594986694083,39.0329064839
148.95562877,24.3837971947,0.0593986694083,39.0663482272
148.95572877,24.3838971947,0.0592986694083,39.1028338895
148.95582877,24.3839971947,0.0591986694083,39.1397922969
148.95592877,24.3840971947,0.0590986694083,39.1763168363
148.95602877,24.3841971947,0.0589986694083,39.2130992084
148.95612877,24.3842971947,0.0588986694083,39.2463359918
148.95622877,24.3843971947,0.0587986694083,39.2830900614
148.95632877,24.3844971947,0.0586986694083,39.3198385326
148.95642877,24.3845971947,0.0585986694083,39.3565151591
148.95652877,24.3846971947,0.0584986694083,39.3932281745
148.95662877,24.3847971947,0.0583986694083,39.4265557748
148.95672877,24.3848971947,0.0582986694083,39.4634106137
148.95682877,24.3849971947,0.0581986694083,39.4999702979
148.95692877,24.3850971947,0.0580986694083,39.5367504929
148.95702877,24.3851971947,0.0579986694083,39.570038283
148.95712877,24.3852971947,0.0578986694083,39.6067401018
148.95722877,24.3853971947,0.0577986694083,39.6434979036
148.95732877,24.3854971947,0.0576986694083,39.6801260115
148.95742877,24.3855971947,0.0575986694083,39.71672986
148.95752877,24.3856971947,0.0574986694083,39.7501031797
148.95762877,24.3857971947,0.0573986694083,39.7868656468
148.95772877,24.3858971947,0.0572986694083,39.8235484935
148.95782877,24.3859971947,0.0571986694083,39.8602353835
148.95792877,24.3860971947,0.0570986694083,39.8937424404
148.95802877,24.3861971947,0.0569986694083,39.913563525
148.95812877,24.3862971947,0.0568986694083,39.9502762293
148.95822877,24.3863971947,0.0567986694083,39.9837409879
148.95832877,24.3864971947,0.0566986694083,40.0203236874
148.95842877,24.3865971947,0.0565986694083,40.0571623534
148.95852877,24.3866971947,0.0564986694083,40.0938483104
148.95862877,24.3867971947,0.0563986694083,40.1304810835
148.95872877,24.3868971947,0.0562986694083,40.1638208134
148.95882877,24.3869971947,0.0561986694083,40.2005652415
148.95892877,24.3870971947,0.0560986694083,40.2373245983
148.95902877,24.3871971947,0.0559986694083,40.2740121104
148.95912877,24.3872971947,0.0558986694083,40.3105453582
148.95922877,24.3873971947,0.0557986694083,40.3440735641
148.95932877,24.3874971947,0.0556986694083,40.3808179922
148.95942877,24.3875971947,0.0555986694083,40.4174977288
148.95952877,24.3876971947,0.0554986694083,40.4540515037
148.95962877,24.3877971947,0.0553986694083,40.4876148545
148.95972877,24.3878971947,0.0552986694083,40.5075550585
148.95982877,24.3879971947,0.0551986694083,40.5441753909
148.95992877,24.3880971947,0.0550986694083,40.5776600546
148.96002877,24.3881971947,0.0549986694083,40.6142359117
148.96012877,24.3882971947,0.0548986694083,40.6510842192
148.96022877,24.3883971947,0.0547986694083,40.6876771822
148.96032877,24.3884971947,0.0546986694083,40.7243926858
148.96042877,24.3885971947,0.0545986694083,40.7577485885
148.96052877,24.3886971947,0.0544986694083,40.7944333014
148.96062877,24.3887971947,0.0543986694083,40.831131699
148.96072877,24.3888971947,0.0542986694083,40.867948905
148.96082877,24.3889971947,0.0541986694083,40.9046109136
148.96092877,24.3890971947,0.0540986694083,40.9379304275
148.96102877,24.3891971947,0.0539986694083,40.9746894733
148.96112877,24.3892971947,0.0538986694083,41.0113402854
148.96122877,24.3893971947,0.0537986694083,41.0479292052
148.96132877,24.3894971947,0.0536986694083,41.0813824561
148.96142877,24.3895971947,0.0535986694083,41.1180282919
148.96152877,24.3896971947,0.0534986694083,41.1546803481
148.96162877,24.3897971947,0.0533986694083,41.1913868321
148.96172877,24.3898971947,0.0532986694083,41.2281368585
148.96182877,24.3899971947,0.0531986694083,41.2614576164
148.96192877,24.3900971947,0.0530986694083,41.2981292666
148.96202877,24.3901971947,0.0529986694083,41.3349383861
148.96212877,24.3902971947,0.0528986694083,41.3716377167
148.96222877,24.3903971947,0.0527986694083,41.4082879068
148.96232877,24.3904971947,0.0526986694083,41.4416276367
148.96242877,24.3905971947,0.0525986694083,41.47848994
148.96252877,24.3906971947,0.0524986694083,41.5151479055
148.96262877,24.3907971947,0.0523986694083,41.5518478582
148.96272877,24.3908971947,0.0522986694083,41.5852553897
148.96282877,24.3909971947,0.0521986694083,41.6218670137
148.96292877,24.3910971947,0.0520986694083,41.6586198392
148.96302877,24.3911971947,0.0519986694083,41.6952936665
148.96312877,24.3912971947,0.0518986694083,41.731877921
148.96322877,24.3913971947,0.0517986694083,41.7653333491
148.96332877,24.3914971947,0.0516986694083,41.8019682993
148.96342877,24.3915971947,0.0515986694083,41.8386508351
148.96352877,24.3916971947,0.0514986694083,41.8755252681
148.96362877,24.3917971947,0.0513986694083,41.9121216523
148.96372877,24.3918971947,0.0512986694083,41.9454352568
148.96382877,24.3919971947,0.0511986694083,41.9822521517
148.96392877,24.3920971947,0.0510986694083,42.0189894264
148.96402877,24.3921971947,0.0509986694083,42.0555481776
148.96412877,24.3922971947,0.0508986694083,42.092338325
148.96422877,24.3923971947,0.0507986694083,42.1256475753
148.96432877,24.3924971947,0.0506986694083,42.1623204696
148.96442877,24.3925971947,0.0505986694083,42.1990499689
148.96452877,24.3926971947,0.0504986694083,42.2358388723
148.96462877,24.3927971947,0.0503986694083,42.2692392504
148.96472877,24.3928971947,0.0502986694083,42.3058449651
148.96482877,24.3929971947,0.0501986694083,42.342604944
148.96492877,24.3930971947,0.0500986694083,42.3792610433
148.96502877,24.3931971947,0.0499986694083,42.4157862047
148.96512877,24.3932971947,0.0498986694083,42.449151749
148.96522877,24.3933971947,0.0497986694083,42.4858868466
148.96532877,24.3934971947,0.0496986694083,42.5225955077
148.96542877,24.3935971947,0.0495986694083,42.5592783545
148.96552877,24.3936971947,0.0494986694083,42.5927869664
148.96562877,24.3937971947,0.0493986694083,42.612701045
148.96572877,24.3938971947,0.0492986694083,42.649463512
148.96582877,24.3939971947,0.0491986694083,42.6828666893
148.96592877,24.3940971947,0.0490986694083,42.7194148659
148.96602877,24.3941971947,0.0489986694083,42.75619786
148.96612877,24.3942971947,0.0488986694083,42.792827834
148.96622877,24.3943971947,0.0487986694083,42.8295962103
148.96632877,24.3944971947,0.0486986694083,42.8629287869
148.96642877,24.3945971947,0.0485986694083,42.8996570421
148.96652877,24.3946971947,0.0484986694083,42.9364101786
148.96662877,24.3947971947,0.0483986694083,42.9730656559
148.96672877,24.3948971947,0.0482986694083,43.0096570638
148.96682877,24.3949971947,0.0481986694083,43.043132708
148.96692877,24.3950971947,0.0480986694083,43.0799132139
148.96702877,24.3951971947,0.0479986694083,43.1164598355
148.96712877,24.3952971947,0.0478986694083,43.1531454814
148.96722877,24.3953971947,0.0477986694083,43.186704789
148.96732877,24.3954971947,0.0476986694083,43.223204447
148.96742877,24.3955971947,0.0475986694083,43.2599183955
148.96752877,24.3956971947,0.0474986694083,43.2966357651
148.96762877,24.3957971947,0.0473986694083,43.3333285644
148.96772877,24.3958971947,0.0472986694083,43.3666073351
148.96782877,24.3959971947,0.0471986694083,43.4033962385
148.96792877,24.3960971947,0.0470986694083,43.4401434657
148.96802877,24.3961971947,0.0469986694083,43.4768502608
148.96812877,24.3962971947,0.0468986694083,43.5101903017
148.96822877,24.3963971947,0.0467986694083,43.5302179013
148.96832877,24.3964971947,0.0466986694083,43.5669418023
148.96842877,24.3965971947,0.0465986694083,43.6002389229
148.96852877,24.3966971947,0.0464986694083,43.6369600247
148.96862877,24.3967971947,0.0463986694083,43.6736668198
148.96872877,24.3968971947,0.0462986694083,43.7104006733
148.96882877,24.3969971947,0.0461986694083,43.7469364092
148.96892877,24.3970971947,0.0460986694083,43.7804720796
148.96902877,24.3971971947,0.0459986694083,43.8169667614
148.96912877,24.3972971947,0.0458986694083,43.8537146106
148.96922877,24.3973971947,0.0457986694083,43.8905056911
148.96932877,24.3974971947,0.0456986694083,43.9271537041
148.96942877,24.3975971947,0.0455986694083,43.9604688637
148.96952877,24.3976971947,0.0454986694083,43.9972521688
148.96962877,24.3977971947,0.0453986694083,44.0339004927
148.96972877,24.3978971947,0.0452986694083,44.0706461649
148.96982877,24.3979971947,0.0451986694083,44.1040160634
148.96992877,24.3980971947,0.0450986694083,44.140695178
148.97002877,24.3981971947,0.0449986694083,44.1773780248
148.97012877,24.3982971947,0.0448986694083,44.2141227638
148.97022877,24.3983971947,0.0447986694083,44.2508261377
148.970328781,24.3984971716,-0.0650292049085,44.2842880971
148.970428781,24.3985971716,-0.0651292049085,44.3208816822
148.970528781,24.3986971716,-0.0652292049085,44.3576170907
148.970628781,24.3987971716,-0.0653292049085,44.3943254409
148.970728781,24.3988971716,-0.0654292049085,44.4276247386
148.970828781,24.3989971716,-0.0655292049085,44.4476566925
148.970928781,24.3990971716,-0.0656292049085,44.4842736037
148.971028781,24.3991971716,-0.0657292049085,44.5177081937
148.971128781,24.3992971716,-0.0658292049085,44.5543649151
148.971228781,24.3993971716,-0.0659292049085,44.591030967
148.971328781,24.3994971716,-0.0660292049085,44.6277122587
148.971428781,24.3995971716,-0.0661292049085,44.6644828121
148.971528781,24.3996971716,-0.0662292049085,44.6977678031
148.971628781,24.3997971716,-0.0663292049085,44.7345859421
148.971728781,24.3998971716,-0.0664292049085,44.7712936702
148.971828781,24.3999971716,-0.0665292049085,44.8079637653
148.971928781,24.4000971716,-0.0666292049085,44.8446528324
148.972028781,24.4001971716,-0.0667292049085,44.8779941174
148.972128781,24.4002971716,-0.0668292049085,44.9147394785
148.972228781,24.4003971716,-0.0669292049085,44.9513797161
148.972328781,24.4004971716,-0.0670292049085,44.9879742341
148.972428781,24.4005971716,-0.0671292049085,45.0215291875
148.972528781,24.4006971716,-0.0672292049085,45.058188708
148.972628781,24.4007971716,-0.0673292049085,45.0949371793
148.972728781,24.4008971716,-0.0674292049085,45.1315718185
148.972828781,24.4009971716,-0.0675292049085,45.1680879605
148.972928781,24.4010971716,-0.0676292049085,45.2015433885
148.973028781,24.4011971716,-0.0677292049085,45.2382495615
148.973128781,24.4012971716,-0.0678292049085,45.2749625769
148.973228781,24.4013971716,-0.0679292049085,45.3116342271
148.973328781,24.4014971716,-0.0680292049085,45.3483858086
148.973428781,24.4015971716,-0.0681292049085,45.3817146529
148.973528781,24.4016971716,-0.0682292049085,45.4184733877
148.973628781,24.4017971716,-0.0683292049085,45.4551870251
148.973728781,24.4018971716,-0.0684292049085,45.4918726711
148.973828781,24.4019971716,-0.0685292049085,45.525212712
148.973928781,24.4020971716,-0.0686292049085,45.5453165107
148.974028781,24.4021971716,-0.0687292049085,45.5819971803
148.974128781,24.4022971716,-0.0688292049085,45.6153403314
148.974228781,24.4023971716,-0.0689292049085,45.6520054503
148.974328781,24.4024971716,-0.0690292049085,45.688838829
148.974428781,24.4025971716,-0.0691292049085,45.7255166996
148.974528781,24.4026971716,-0.0692292049085,45.7622359353
148.974628781,24.4027971716,-0.0693292049085,45.7955657127
148.974728781,24.4028971716,-0.0694292049085,45.832126952
148.974828781,24.4029971716,-0.0695292049085,45.86892643
148.974928781,24.4030971716,-0.0696292049085,45.9056148751
148.975028781,24.4031971716,-0.0697292049085,45.9422831041
148.975128781,24.4032971716,-0.0698292049085,45.975642117
148.975228781,24.4033971716,-0.0699292049085,46.0123451798
148.975328781,24.4034971716,-0.0700292049085,46.0491026706
148.975428781,24.4035971716,-0.0701292049085,46.0857453963
148.975528781,24.4036971716,-0.0702292049085,46.1191292905
148.975628781,24.4037971716,-0.0703292049085,46.1391851926
148.975728781,24.4038971716,-0.0704292049085,46.1758580869
148.975828781,24.4039971716,-0.0705292049085,46.2092469574
148.975928781,24.4040971716,-0.0706292049085,46.2292652265
148.976028781,24.4041971716,-0.0707292049085,46.2659829072
148.976128781,24.4042971716,-0.0708292049085,46.2993425421
148.976228781,24.4043971716,-0.0709292049085,46.3360104601
148.976328781,24.4044971716,-0.0710292049085,46.372771061
148.976428781,24.4045971716,-0.0711292049085,46.4094613722
148.976528781,24.4046971716,-0.0712292049085,46.4461905605
148.976628781,24.4047971716,-0.0713292049085,46.4793390152
148.976728781,24.4048971716,-0.0714292049085,46.5160806441
148.976828781,24.4049971716,-0.0715292049085,46.5528182298
148.976928781,24.4050971716,-0.0716292049085,46.5895716773
148.977028781,24.4051971716,-0.0717292049085,46.6229521504
148.977128781,24.4052971716,-0.0718292049085,46.6428898662
148.977228781,24.4053971716,-0.0719292049085,46.6795559181
148.977328781,24.4054971716,-0.0720292049085,46.712931726
148.977428781,24.4055971716,-0.0721292049085,46.7496117736
148.977528781,24.4056971716,-0.0722292049085,46.7863670872
148.977628781,24.4057971716,-0.0723292049085,46.8230558433
148.977728781,24.4058971716,-0.0724292049085,46.8597156749
148.977828781,24.4059971716,-0.0725292049085,46.8930725107
148.977928781,24.4060971716,-0.0726292049085,46.9298495955
148.978028781,24.4061971716,-0.0727292049085,46.9665501702
148.978128781,24.4062971716,-0.0728292049085,47.0032523
148.978228781,24.4063971716,-0.0729292049085,47.0365774122
148.978328781,24.4064971716,-0.0730292049085,47.0733146869
148.978428781,24.4065971716,-0.0731292049085,47.1100656463
148.978528781,24.4066971716,-0.0732292049085,47.1467024626
148.978628781,24.4067971716,-0.0733292049085,47.1832798748
148.978728781,24.4068971716,-0.0734292049085,47.2167623613
148.978828781,24.4069971716,-0.0735292049085,47.2533802056
148.978928781,24.4070971716,-0.0736292049085,47.2900997523
148.979028781,24.4071971716,-0.0737292049085,47.3268392041
148.979128781,24.4072971716,-0.0738292049085,47.3634405646
148.979228781,24.4073971716,-0.0739292049085,47.3968412537
148.979328781,24.4074971716,-0.0740292049085,47.4335822606
148.979428781,24.4075971716,-0.0741292049085,47.4702843904
148.979528781,24.4076971716,-0.0742292049085,47.5070630303
148.979628781,24.4077971716,-0.0743292049085,47.5403561077
148.979728781,24.4078971716,-0.0744292049085,47.5769658656
148.979828781,24.4079971716,-0.0745292049085,47.6137382852
148.979928781,24.4080971716,-0.0746292049085,47.6504491234
148.980028781,24.4081971716,-0.0747292049085,47.6871742685
148.980128781,24.4082971716,-0.0748292049085,47.7204405985
148.980228781,24.4083971716,-0.0749292049085,47.7573240509
148.980328781,24.4084971716,-0.0750292049085,47.7938765818
148.980428781,24.4085971716,-0.0751292049085,47.8304614584
148.980528781,24.4086971716,-0.0752292049085,47.8639168864
148.980628781,24.4087971716,-0.0753292049085,47.8839391988
148.980728781,24.4088971716,-0.0754292049085,47.9205203431
148.980828781,24.4089971716,-0.0755292049085,47.9539085916
148.980928781,24.4090971716,-0.0756292049085,47.9907201992
148.981028781,24.4091971716,-0.0757292049085,48.027327469
148.981128781,24.4092971716,-0.0758292049085,48.0640044065
148.981228781,24.4093971716,-0.0759292049085,48.1007118236
148.981328781,24.4094971716,-0.0760292049085,48.1340356916
148.981428781,24.4095971716,-0.0761292049085,48.1707188494
148.981528781,24.4096971716,-0.0762292049085,48.2075419647
148.981628781,24.4097971716,-0.0763292049085,48.244235386
148.981728781,24.4098971716,-0.0764292049085,48.2775321957
148.981828781,24.4099971716,-0.0765292049085,48.2975566851
148.981928781,24.4100971716,-0.0766292049085,48.3342697005
148.982028781,24.4101971716,-0.0767292049085,48.3675466051
148.982128781,24.4102971716,-0.0768292049085,48.4043006746
148.982228781,24.4103971716,-0.0769292049085,48.4409713918
148.982328781,24.4104971716,-0.0770292049085,48.4777158198
