49.5159527785,23.5251290883,-16.2317915939,0.0624347059634
49.3760183591,23.5609309893,-17.8814895967,0.139334791586
49.5150215276,23.7106912004,-14.9741249505,0.172025118941
49.7429674666,23.8166250274,0.0147462683793,0.210886325629
49.7430674666,23.8167250274,0.0146462683793,0.242601927121
49.6110451975,23.5395957684,14.9845030143,0.288416219762
49.322056935,23.2730029277,19.3238251453,0.315232066553
49.7862267627,23.769437793,0.01204100845,0.358453103214
49.7863267627,23.769537793,0.01194100845,0.386266380075
49.7864267627,23.769637793,0.01184100845,0.422757329649
49.7865267627,23.769737793,0.01174100845,0.459319190996
49.5671744742,23.6473557871,15.1729657821,0.504904264441
49.3757426909,23.3623168999,18.6850751658,0.531597881728
49.6787992709,23.796169981,11.2457524519,0.570724385532
49.797744121,23.7495757367,-0.0262671395811,0.607880599503
49.797844121,23.7496757367,-0.0263671395811,0.639604909458
49.5447012053,23.559724604,16.1651454119,0.683395106403
49.5092828922,23.6669654605,15.3116773534,0.710495222319
49.5472432256,23.6376548944,15.1758858479,0.746554791941
49.765676584,23.7591836686,0.00979401556941,0.791385961273
49.765776584,23.7592836686,0.00969401556941,0.819847707637
49.765876584,23.7593836686,0.00959401556941,0.856635678015
49.765976584,23.7594836686,0.00949401556941,0.889959235061
49.766076584,23.7595836686,0.00939401556941,0.92670832837
49.6180149288,23.7837784011,-12.7715195413,0.974073038504
49.4403724148,23.6311613082,-16.4176362572,1.00252856454
49.4172980105,23.5822805956,-17.1805597838,1.03709183355
49.5036727601,23.5589361786,-15.9818905223,1.07119759721
49.6530078399,23.9036376953,-9.56320257765,1.11178805591
49.7507058746,23.804452726,0.00553547447525,1.14728748473
49.7508058746,23.804552726,0.00543547447525,1.180352276
49.5411764202,23.7884334822,14.3352019194,1.22476108486
49.7405354255,23.8378355822,0.00980183335696,1.25654604305
49.7406354255,23.8379355822,0.00970183335696,1.28701695631
49.7407354255,23.8380355822,0.00960183335696,1.32385842154
49.5293731234,23.8974036197,13.8304292406,1.37121660032
49.7610779626,23.786223991,-0.0378144536856,1.39922706167
49.7493584347,23.8222076759,0.023852152772,1.43380836964
49.7494584347,23.8223076759,0.023752152772,1.46728587988
49.7495584347,23.8224076759,0.023652152772,1.50405736638
49.7496584347,23.8225076759,0.023552152772,1.54073119368
49.7497584347,23.8226076759,0.023452152772,1.5774202608
49.749102075,23.8294746421,-0.00320095943351,1.61489215657
49.749202075,23.8295746421,-0.00330095943351,1.64762758132
49.7435368021,23.8580594635,0.0187419757761,1.68704768475
49.7436368021,23.8581594635,0.0186419757761,1.72100167234
49.7437368021,23.8582594635,0.0185419757761,1.75760396583
49.7438368021,23.8583594635,0.0184419757761,1.79101491853
49.7439368021,23.8584594635,0.0183419757761,1.82761410186
49.7440368021,23.8585594635,0.0182419757761,1.8645460729
49.7441368021,23.8586594635,0.0181419757761,1.90120870361
49.7442368021,23.8587594635,0.0180419757761,1.93785702756
49.7443368021,23.8588594635,0.0179419757761,1.97117498631
49.7444368021,23.8589594635,0.0178419757761,2.00797042108
49.7445368021,23.8590594635,0.0177419757761,2.0446971212
49.7446368021,23.8591594635,0.0176419757761,2.08144372638
49.7447368021,23.8592594635,0.0175419757761,2.11807805458
49.7448368021,23.8593594635,0.0174419757761,2.15162461049
49.7449368021,23.8594594635,0.0173419757761,2.18815039392
49.7450367984,23.8595594559,0.0911997879307,2.22506308193
49.7451367847,23.8596594274,-0.00339001459459,2.26196457335
49.7452367847,23.8597594274,-0.00349001459459,2.29826300368
49.7453367847,23.8598594274,-0.00359001459459,2.33175482068
49.7454367847,23.8599594274,-0.00369001459459,2.368391326
49.7455367847,23.8600594274,-0.00379001459459,2.40513233288
49.7456367847,23.8601594274,-0.00389001459459,2.44190257531
49.7457367847,23.8602594274,-0.00399001459459,2.47861216952
49.7458367847,23.8603594274,-0.00409001459459,2.51199948496
49.6293237394,23.7448620809,12.705733351,2.56124335708
49.5395079635,23.5973146355,15.6737821073,2.58636882893
49.5325926237,23.5021073198,16.09001563,2.62215345992
49.805381652,23.712532661,-0.0196385906423,2.66524418065
49.392156081,23.1500778726,-19.5268190086,2.7019979392
49.4687477627,23.4588797298,-17.3422910023,2.73064536245
49.7594430532,23.7029349966,-8.57564957746,2.77234677225
49.7479826672,23.7891861787,0.0421655834363,2.81100644022
49.8316744603,23.6407904335,0.0100052300269,2.84542788568
49.8317744603,23.6408904335,0.00990523002688,2.87234294675
49.8318744603,23.6409904335,0.00980523002688,2.90913620441
49.8319744603,23.6410904335,0.00970523002688,2.94593474935
49.8320744603,23.6411904335,0.00960523002688,2.9826564732
49.8432878609,23.6662805564,0.0367038923398,3.02342825455
49.8433878609,23.6663805564,0.0366038923398,3.05265385755
49.8434878609,23.6664805564,0.0365038923398,3.08932301961
49.8435878609,23.6665805564,0.0364038923398,3.12610819084
49.8436878609,23.6666805564,0.0363038923398,3.16279912405
49.8437878609,23.6667805564,0.0362038923398,3.19951151741
49.8438878609,23.6668805564,0.0361038923398,3.23288265999
49.8439878609,23.6669805564,0.0360038923398,3.26947562299
49.8440878609,23.6670805564,0.0359038923398,3.30620139006
49.8441878609,23.6671805564,0.0358038923398,3.34300211211
49.8442878609,23.6672805564,0.0357038923398,3.37975618169
49.8443878609,23.6673805564,0.0356038923398,3.41315935897
49.8444878609,23.6674805564,0.0355038923398,3.43310920444
49.8445878609,23.6675805564,0.0354038923398,3.46984243591
49.8446878609,23.6676805564,0.0353038923398,3.50320300392
49.8447878609,23.6677805564,0.0352038923398,3.52335096693
49.8448878609,23.6678805564,0.0351038923398,3.559945174
49.8449878609,23.6679805564,0.0350038923398,3.5933035649
49.8450878609,23.6680805564,0.0349038923398,3.61341793813
49.8451878609,23.6681805564,0.0348038923398,3.65010016288
49.8452878609,23.6682805564,0.0347038923398,3.68346975038
49.8453878609,23.6683805564,0.0346038923398,3.70358941088
49.8454878609,23.6684805564,0.0345038923398,3.7401826849
49.8455878609,23.6685805564,0.0344038923398,3.77348882502
49.8456878609,23.6686805564,0.0343038923398,3.79342280865
49.8457878609,23.6687805564,0.0342038923398,3.83031403652
49.8458878609,23.6688805564,0.0341038923398,3.86697293503
49.8459878609,23.6689805564,0.0340038923398,3.9004398707
49.8460878609,23.6690805564,0.0339038923398,3.93696285498
49.8461878609,23.6691805564,0.0338038923398,3.97375953382
49.8462878609,23.6692805564,0.0337038923398,4.01042651876
49.8463878609,23.6693805564,0.0336038923398,4.04722413065
49.8464878609,23.6694805564,0.0335038923398,4.0806341503
49.5240018759,23.5380926661,16.5703717415,4.12985656228
49.3117449646,23.274411365,19.7862254333,4.15580560595
49.6087955366,23.2783017003,16.8025278712,4.19303024356
49.5428935242,23.3392226626,17.0946963149,4.22839313611
49.3303383071,23.2168702021,19.4997725362,4.2626628055
49.7523191884,23.6774777531,9.21508012688,4.30378634656
49.8062894395,23.7255521392,-0.0573261931716,4.33698425292
49.8063894395,23.7256521392,-0.0574261931716,4.37096094472
49.8064894395,23.7257521392,-0.0575261931716,4.40757910006
49.8065894395,23.7258521392,-0.0576261931716,4.44110232973
49.8066894395,23.7259521392,-0.0577261931716,4.47767694276
49.8067894395,23.7260521392,-0.0578261931716,4.51484373129
49.8068894395,23.7261521392,-0.0579261931716,4.55117139718
49.8069894395,23.7262521392,-0.0580261931716,4.58790525067
49.8070894395,23.7263521392,-0.0581261931716,4.62119801708
49.8071894395,23.7264521392,-0.0582261931716,4.65812532287
49.8072894395,23.7265521392,-0.0583261931716,4.69477986715
49.8073894395,23.7266521392,-0.0584261931716,4.73146737918
49.8074894395,23.7267521392,-0.0585261931716,4.76819376829
49.8075894395,23.7268521392,-0.0586261931716,4.80145916524
49.8076894395,23.7269521392,-0.0587261931716,4.8215704283
49.8077894395,23.7270521392,-0.0588261931716,4.85830739196
49.8078894395,23.7271521392,-0.0589261931716,4.89167386929
49.8079894395,23.7272521392,-0.0590261931716,4.91173039344
49.8080894395,23.7273521392,-0.0591261931716,4.9484315902
49.8081894395,23.7274521392,-0.0592261931716,4.98505316672
49.8082894395,23.7275521392,-0.0593261931716,5.01849957531
49.8083894395,23.7276521392,-0.0594261931716,5.05524555845
49.8084894395,23.7277521392,-0.0595261931716,5.09187802055
49.8085894395,23.7278521392,-0.0596261931716,5.12856739869
49.8086894395,23.7279521392,-0.0597261931716,5.16542223762
49.8087894395,23.7280521392,-0.0598261931716,5.19865155665
49.8088894395,23.7281521392,-0.0599261931716,5.23542055502
49.8089894395,23.7282521392,-0.0600261931716,5.27211366535
49.8090894395,23.7283521392,-0.0601261931716,5.30888017559
49.8091894395,23.7284521392,-0.0602261931716,5.34554000715
49.8092894395,23.7285521392,-0.0603261931716,5.3789313658
49.8093894395,23.7286521392,-0.0604261931716,5.415753548
49.8094894395,23.7287521392,-0.0605261931716,5.45245536679
49.8095894395,23.7288521392,-0.0606261931716,5.48910058057
49.8096894395,23.7289521392,-0.0607261931716,5.52586242556
49.8097894395,23.7290521392,-0.0608261931716,5.55916576653
49.8098894395,23.7291521392,-0.0609261931716,5.59593258779
49.8099894395,23.7292521392,-0.0610261931716,5.63271682596
49.8100894395,23.7293521392,-0.0611261931716,5.66933187114
49.8101894395,23.7294521392,-0.0612261931716,5.70597304171
49.8102894395,23.7295521392,-0.0613261931716,5.73937155374
49.8103894395,23.7296521392,-0.0614261931716,5.77603667258
49.8104894395,23.7297521392,-0.0615261931716,5.81282650906
49.8105894395,23.7298521392,-0.0616261931716,5.84951153296
49.8106894395,23.7299521392,-0.0617261931716,5.88620993057
49.8107894395,23.7300521392,-0.0618261931716,5.91952695627
49.8108894395,23.7301521392,-0.0619261931716,5.95624774707
49.8109894395,23.7302521392,-0.0620261931716,5.99306215386
49.8110894395,23.7303521392,-0.0621261931716,6.02973940234
49.8111894395,23.7304521392,-0.0622261931716,6.06643811097
49.8112894395,23.7305521392,-0.0623261931716,6.09988389752
49.8113894395,23.7306521392,-0.0624261931716,6.13654061892
49.8114894395,23.7307521392,-0.0625261931716,6.17339856802
49.8115894395,23.7308521392,-0.0626261931716,6.21001081405
49.8116894395,23.7309521392,-0.0627261931716,6.24658511605
49.8117894395,23.7310521392,-0.0628261931716,6.28005609494
49.8118894395,23.7311521392,-0.0629261931716,6.31669602145
49.8119894395,23.7312521392,-0.0630261931716,6.35347994861
49.8120894395,23.7313521392,-0.0631261931716,6.39015128778
49.8121894395,23.7314521392,-0.0632261931716,6.42702914194
49.8122894395,23.7315521392,-0.0633261931716,6.46034585662
49.8123894395,23.7316521392,-0.0634261931716,6.4803184063
49.8124894395,23.7317521392,-0.0635261931716,6.51706998774
49.8125894395,23.7318521392,-0.0636261931716,6.55041127273
49.8126894395,23.7319521392,-0.0637261931716,6.5704230105
49.8127894395,23.7320521392,-0.0638261931716,6.60714131317
49.8128894395,23.7321521392,-0.0639261931716,6.6439585191
49.8129894395,23.7322521392,-0.0640261931716,6.67725563974
49.8130894395,23.7323521392,-0.0641261931716,6.71395714752
49.8131894395,23.7324521392,-0.0642261931716,6.75069722135
49.8132894395,23.7325521392,-0.0643261931716,6.78742920875
49.8133894395,23.7326521392,-0.0644261931716,6.82406571406
49.8134894395,23.7327521392,-0.0645261931716,6.85744152189
49.8135894395,23.7328521392,-0.0646261931716,6.89415453728
49.8136894395,23.7329521392,-0.0647261931716,6.93084858066
49.8137894395,23.7330521392,-0.0648261931716,6.9675699935
49.8138894395,23.7331521392,-0.0649261931716,7.00424071064
49.8139894395,23.7332521392,-0.0650261931716,7.03760065662
49.8140894395,23.7333521392,-0.0651261931716,7.07422627636
49.8141894395,23.7334521392,-0.0652261931716,7.11107302886
49.8142894395,23.7335521392,-0.0653261931716,7.14780594931
49.8143894395,23.7336521392,-0.0654261931716,7.18445676139
49.8144894395,23.7337521392,-0.0655261931716,7.21790099286
49.8145894395,23.7338521392,-0.0656261931716,7.25455242697
49.8146894395,23.7339521392,-0.0657261931716,7.29130089825
49.8147894395,23.7340521392,-0.0658261931716,7.32801671279
49.8148894395,23.7341521392,-0.0659261931716,7.3647527434
49.8149894395,23.7342521392,-0.0660261931716,7.39806448182
49.8150894395,23.7343521392,-0.0661261931716,7.43481481919
49.8151894395,23.7344521392,-0.0662261931716,7.47155613709
49.8152894395,23.7345521392,-0.0663261931716,7.50812919503
49.8153894395,23.7346521392,-0.0664261931716,7.54492027557
49.8154894395,23.7347521392,-0.0665261931716,7.57828986307
49.8155894395,23.7348521392,-0.0666261931716,7.61491765992
49.8156894395,23.7349521392,-0.0667261931716,7.65166768628
49.8157894395,23.7350521392,-0.0668261931716,7.68842144484
49.8158894395,23.7351521392,-0.0669261931716,7.7251245077
49.8159894395,23.7352521392,-0.0670261931716,7.75846081642
49.8160894395,23.7353521392,-0.0671261931716,7.79515703692
49.8161894395,23.7354521392,-0.0672261931716,7.83200689959
49.8162894395,23.7355521392,-0.0673261931716,7.86865335744
49.8163894395,23.7356521392,-0.0674261931716,7.90541178124
49.8164894395,23.7357521392,-0.0675261931716,7.93871356713
49.8165894395,23.7358521392,-0.0676261931716,7.97544928673
49.8166894395,23.7359521392,-0.0677261931716,8.01220802155
49.8167894395,23.7360521392,-0.0678261931716,8.04894622928
49.8168894395,23.7361521392,-0.0679261931716,8.0855320389
49.8169894395,23.7362521392,-0.0680261931716,8.11896818394
49.8170894395,23.7363521392,-0.0681261931716,8.15558976046
49.8171894395,23.7364521392,-0.0682261931716,8.19235316053
49.8172894395,23.7365521392,-0.0683261931716,8.22904222765
49.8173894395,23.7366521392,-0.0684261931716,8.26575057779
49.8174894395,23.7367521392,-0.0685261931716,8.29904458827
49.8175894395,23.7368521392,-0.0686261931716,8.33580861037
49.8176894395,23.7369521392,-0.0687261931716,8.37260622226
49.8177894395,23.7370521392,-0.0688261931716,8.40932825713
49.8178894395,23.7371521392,-0.0689261931716,8.44603411914
49.8179894395,23.7372521392,-0.0690261931716,8.47933901519
49.8180894395,23.7373521392,-0.0691261931716,8.51621375919
49.8181894395,23.7374521392,-0.0692261931716,8.55291246781
49.8182894395,23.7375521392,-0.0693261931716,8.58957820869
49.8183894395,23.7376521392,-0.0694261931716,8.62626229954
49.8184894395,23.7377521392,-0.0695261931716,8.65970808609
49.8185894395,23.7378521392,-0.0696261931716,8.69632841855
49.8186894395,23.7379521392,-0.0697261931716,8.73312292027
49.8187894395,23.7380521392,-0.0698261931716,8.7696826045
49.8188894395,23.7381521392,-0.0699261931716,8.80648705876
49.8189894395,23.7382521392,-0.0700261931716,8.83989334621
49.8190894395,23.7383521392,-0.0701261931716,8.87644898722
49.8191894395,23.7384521392,-0.0702261931716,8.91324162285
49.8192894395,23.7385521392,-0.0703261931716,8.94993846538
49.8193894395,23.7386521392,-0.0704261931716,8.98666361041
49.8194894395,23.7387521392,-0.0705261931716,9.02008078344
49.8195894395,23.7388521392,-0.0706261931716,9.05670484809
49.8196894395,23.7389521392,-0.0707261931716,9.09351365658
49.8197894395,23.7390521392,-0.0708261931716,9.13024875415
49.8198894395,23.7391521392,-0.0709261931716,9.16698447374
49.8199894395,23.7392521392,-0.0710261931716,9.20024520545
49.8200894395,23.7393521392,-0.0711261931716,9.23703908514
49.8201894395,23.7394521392,-0.0712261931716,9.27374370308
49.8202894395,23.7395521392,-0.0713261931716,9.31055842088
49.8203894395,23.7396521392,-0.0714261931716,9.34712463646
49.8204894395,23.7397521392,-0.0715261931716,9.38053434509
49.8205894395,23.7398521392,-0.0716261931716,9.40059086924
49.8206894395,23.7399521392,-0.0717261931716,9.43746623527
49.8207894395,23.7400521392,-0.0718261931716,9.47067316111
49.8208894395,23.7401521392,-0.0719261931716,9.49063451419
49.8209894395,23.7402521392,-0.0720261931716,9.52736650159
49.8210894395,23.7403521392,-0.0721261931716,9.56411310677
49.8211894395,23.7404521392,-0.0722261931716,9.59740556216
49.8212894395,23.7405521392,-0.0723261931716,9.63413630549
49.8213894395,23.7406521392,-0.0724261931716,9.67096346395
49.8214894395,23.7407521392,-0.0725261931716,9.70763107093
49.8215894395,23.7408521392,-0.0726261931716,9.74439913624
49.8216894395,23.7409521392,-0.0727261931716,9.77768412724
49.8217894395,23.7410521392,-0.0728261931716,9.81439216636
49.8218894395,23.7411521392,-0.0729261931716,9.85119288842
49.8219894395,23.7412521392,-0.0730261931716,9.88790963601
49.8220894395,23.7413521392,-0.0731261931716,9.92449606766
49.8221894395,23.7414521392,-0.0732261931716,9.95796486944
49.8222894395,23.7415521392,-0.0733261931716,9.99487227017
49.8223894395,23.7416521392,-0.0734261931716,10.0313370944
49.8224894395,23.7417521392,-0.0735261931716,10.0680183861
49.8225894395,23.7418521392,-0.0736261931716,10.1047332675
49.8226894395,23.7419521392,-0.0737261931716,10.1381442202
49.8227894395,23.7420521392,-0.0738261931716,10.1751097811
49.8228894395,23.7421521392,-0.0739261931716,10.2115708731
49.8229894395,23.7422521392,-0.0740261931716,10.2483065926
49.8230894395,23.7423521392,-0.0741261931716,10.285038269
49.8231894395,23.7424521392,-0.0742261931716,10.3182990007
49.8232894395,23.7425521392,-0.0743261931716,10.355008906
49.8233894395,23.7426521392,-0.0744261931716,10.3918192695
49.8234894395,23.7427521392,-0.0745261931716,10.4286753525
49.8235894365,23.7428521329,0.174784238077,10.4652673825
49.2040491258,23.2047088989,20.8122849738,10.514086717
49.7031513455,23.8307840252,9.78541601331,10.542805363
49.2466367221,23.0730118522,20.9019137195,10.5777913035
49.4952963029,23.4142197225,17.0770592133,10.6115011431
49.412799152,23.5741962098,17.4526121773,10.6456538703
49.0367960262,23.0236436126,22.2082908214,10.6809517604
49.0613726827,23.1051182415,22.1509929324,10.7155016557
48.9584944655,22.8080188608,23.3258894102,10.7535368024
49.5690344744,23.5717928984,15.2984157796,10.7924415514
49.547008757,23.6434170145,15.0321014632,10.8257613763
49.582016004,23.618103675,15.0142968328,10.8591085706
49.7740360955,23.8086898539,0.00274701124675,10.9007480881
49.765139833,23.7904162518,-0.0225341669716,10.9367914849
49.765239833,23.7905162518,-0.0226341669716,10.9692908481
49.477468585,23.3085937368,-18.1878478104,11.0149869544
49.4173575369,23.4571888441,-17.9324237303,11.0394910152
49.789944884,23.7416325168,0.0349127363692,11.0824501759
49.790044884,23.7417325168,0.0348127363692,11.1127913953
49.790144884,23.7418325168,0.0347127363692,11.1494132828
49.790244884,23.7419325168,0.0346127363692,11.1861549117
49.790344884,23.7420325168,0.0345127363692,11.2195891907
49.7774775331,23.7764966201,-0.000356053670301,11.259533979
49.7200719773,23.8766119439,-0.0137646171025,11.2977037959
49.7201719773,23.8767119439,-0.0138646171025,11.329599165
49.7202719773,23.8768119439,-0.0139646171025,11.3662596186
49.7203719773,23.8769119439,-0.0140646171025,11.3998559371
49.7204719773,23.8770119439,-0.0141646171025,11.4200965831
49.7205719773,23.8771119439,-0.0142646171025,11.4564845862
49.2506784385,23.189082453,20.4279112352,11.4990524881
49.0025964079,22.9472918792,22.5932526203,11.5277565163
49.6995694687,23.6745192596,10.8647495165,11.569605348
49.8019995938,23.6301126923,-0.0522061362993,11.6040417222
49.7164885214,23.8402841359,0.0194522193564,11.6408527079
49.3801864085,23.5086928005,17.7329941373,11.6861367173
49.3532611046,23.3858537003,18.7576435946,11.7082164041
49.5150821454,23.5142938568,16.4326012261,11.7450323659
49.5372922962,23.5487017374,16.1135915558,11.7804198288
48.9315287902,22.9060164372,23.1105576925,11.8198657466
49.3813946109,23.3998954072,18.1529592704,11.8559075883
49.389666831,23.2641462155,18.9430383914,11.8876440279
49.544637787,23.5618560866,15.5055502657,11.9260396428
49.3093918189,23.3752727835,19.0445771862,11.9624158273
49.5819954247,23.6568868706,14.4254966214,11.9996417089
49.6543397925,23.5963958137,13.8661787545,12.0347607645
49.5435076872,23.5772617982,15.6157258627,12.068506682
49.7803747454,23.7643336951,-0.0112395950897,12.1154397012
49.7804747454,23.7644336951,-0.0113395950897,12.1406382619
49.7805747454,23.7645336951,-0.0114395950897,12.1773836231
49.7806747454,23.7646336951,-0.0115395950897,12.2140991266
49.5635264279,23.4774478576,16.1813566612,12.2577826448
49.5568142315,23.5159466371,15.9387306274,12.2842470429
49.7842222167,23.7492272501,-0.0490972706017,12.3275271727
49.7843222167,23.7493272501,-0.0491972706017,12.3576124255
49.7844222167,23.7494272501,-0.0492972706017,12.394195436
49.7845222167,23.7495272501,-0.0493972706017,12.4279939153
49.5631276328,23.5573391053,-15.6234912215,12.4762422234
49.6832587525,23.8872436962,0.00249032121105,12.5123500006
49.7652125809,23.7121656807,-0.00463946722235,12.5455413756
49.7381587605,23.8253021748,-0.00758646228267,12.5817984407
49.7382587605,23.8254021748,-0.00768646228267,12.6077568149
49.7826885988,23.7786241195,0.00516293680695,12.6499853978
49.7401273991,23.8861468397,0.00210546445511,12.684947079
49.7684504934,23.7425412143,0.00246047360867,12.7235025564
49.7611712351,23.6966379937,9.27843475131,12.7613122161
49.7640876489,23.7493044568,0.00955582712132,12.7900047368
49.8211796866,23.7152961471,-0.0086940643014,12.8311945244
49.8212796866,23.7153961471,-0.0087940643014,12.8615500505
49.8213796866,23.7154961471,-0.0088940643014,12.8982556015
49.8214796866,23.7155961471,-0.0089940643014,12.9349443576
49.8215796866,23.7156961471,-0.0090940643014,12.9682797333
49.8216796866,23.7157961471,-0.0091940643014,13.0049600919
49.8217796866,23.7158961471,-0.0092940643014,13.0418059114
49.8218796866,23.7159961471,-0.0093940643014,13.0785074191
49.8219796866,23.7160961471,-0.0094940643014,13.1150646152
49.8220796866,23.7161961471,-0.0095940643014,13.1485088467
49.8221796866,23.7162961471,-0.0096940643014,13.1852035121
49.8222796866,23.7163961471,-0.0097940643014,13.2220925629
49.8223796866,23.7164961471,-0.0098940643014,13.2588145977
49.8224796866,23.7165961471,-0.0099940643014,13.2953581091
49.8225796866,23.7166961471,-0.0100940643014,13.3287146339
49.8226796866,23.7167961471,-0.0101940643014,13.3654264052
49.8227796866,23.7168961471,-0.0102940643014,13.4021229368
49.8228796866,23.7169961471,-0.0103940643014,13.4389062419
49.8229796866,23.7170961471,-0.0104940643014,13.4756089937
49.8230796866,23.7171961471,-0.0105940643014,13.5089166889
49.8231796866,23.7172961471,-0.0106940643014,13.5456157086
49.8232796866,23.7173961471,-0.0107940643014,13.5823803527
49.8233796866,23.7174961471,-0.0108940643014,13.619148107
49.8234796866,23.7175961471,-0.0109940643014,13.6558197572
49.8235796866,23.7176961471,-0.0110940643014,13.689477657
49.8236796866,23.7177961471,-0.0111940643014,13.725995354
49.8237796866,23.7178961471,-0.0112940643014,13.7627460024
49.8238796866,23.7179961471,-0.0113940643014,13.7993943264
49.8239796866,23.7180961471,-0.0114940643014,13.8360165249
49.8240796866,23.7181961471,-0.0115940643014,13.8694542251
49.8241796866,23.7182961471,-0.0116940643014,13.8895455831
49.8242796866,23.7183961471,-0.0117940643014,13.9261693367
49.8243796866,23.7184961471,-0.0118940643014,13.9596325402
49.8244796866,23.7185961471,-0.0119940643014,13.9795077417
49.8245796866,23.7186961471,-0.0120940643014,14.0163258807
49.8246796866,23.7187961471,-0.0121940643014,14.05309519
49.8247796866,23.7188961471,-0.0122940643014,14.0863689844
49.8248796866,23.7189961471,-0.0123940643014,14.1231473133
49.8249796866,23.7190961471,-0.0124940643014,14.1597657797
49.8250796866,23.7191961471,-0.0125940643014,14.1965836076
49.8251796866,23.7192961471,-0.0126940643014,14.2331404927
49.8252796866,23.7193961471,-0.0127940643014,14.2665526895
49.8253796866,23.7194961471,-0.0128940643014,14.3034523148
49.8254796866,23.7195961471,-0.0129940643014,14.340124898
49.8255796866,23.7196961471,-0.0130940643014,14.3767900169
49.8256796866,23.7197961471,-0.0131940643014,14.4134206129
49.8257796866,23.7198961471,-0.0132940643014,14.4470483441
49.8258796866,23.7199961471,-0.0133940643014,14.4836279334
49.8259796866,23.7200961471,-0.0134940643014,14.5202638167
49.8260796866,23.7201961471,-0.0135940643014,14.5569979812
49.8261796866,23.7202961471,-0.0136940643014,14.5937010441
49.8262796866,23.7203961471,-0.0137940643014,14.6270196248
49.8263796866,23.7204961471,-0.0138940643014,14.6638642002
49.8264796866,23.7205961471,-0.0139940643014,14.7006636782
49.8265796866,23.7206961471,-0.0140940643014,14.7372662827
49.8266796866,23.7207961471,-0.0141940643014,14.7739553498
49.8267796866,23.7208961471,-0.0142940643014,14.8073691017
49.8268796866,23.7209961471,-0.0143940643014,14.8440581688
49.8269796866,23.7210961471,-0.0144940643014,14.8807886011
49.8270796866,23.7211961471,-0.0145940643014,14.9175065928
49.8271796866,23.7212961471,-0.0146940643014,14.9541266142
49.8272796866,23.7213961471,-0.0147940643014,14.9875565389
49.8273796866,23.7214961471,-0.0148940643014,15.0241606985
49.8274796866,23.7215961471,-0.0149940643014,15.0609679519
49.8275796866,23.7216961471,-0.0150940643014,15.0976131657
49.8276796866,23.7217961471,-0.0151940643014,15.1343401768
49.8277796866,23.7218961471,-0.0152940643014,15.1676407187
49.8278796866,23.7219961471,-0.0153940643014,15.2044330433
49.8279796866,23.7220961471,-0.0154940643014,15.241151657
49.8280796866,23.7221961471,-0.0155940643014,15.2778926638
49.8281796866,23.7222961471,-0.0156940643014,15.3146271394
49.8282796866,23.7223961471,-0.0157940643014,15.3478651669
49.8283796866,23.7224961471,-0.0158940643014,15.3846061737
49.8284796866,23.7225961471,-0.0159940643014,15.4213761052
49.8285796866,23.7226961471,-0.0160940643014,15.4582269009
49.8286796866,23.7227961471,-0.0161940643014,15.4948522096
49.8287796866,23.7228961471,-0.0162940643014,15.5282177539
49.8288796866,23.7229961471,-0.0163940643014,15.5648551923
49.8289796866,23.7230961471,-0.0164940643014,15.6016537372
49.8290796866,23.7231961471,-0.0165940643014,15.638411539
49.8291796866,23.7232961471,-0.0166940643014,15.6749699791
49.8292796866,23.7233961471,-0.0167940643014,15.7087510415
49.8293796866,23.7234961471,-0.0168940643014,15.7451928505
49.8294796866,23.7235961471,-0.0169940643014,15.7817914118
49.8295796866,23.7236961471,-0.0170940643014,15.8185604101
49.8296796866,23.7237961471,-0.0171940643014,15.8552099782
49.8297796866,23.7238961471,-0.0172940643014,15.8886722486
49.8298796866,23.7239961471,-0.0173940643014,15.9086531957
49.8299796866,23.7240961471,-0.0174940643014,15.9454309025
49.8300796866,23.7241961471,-0.0175940643014,15.9821240129
49.8301796866,23.7242961471,-0.0176940643014,16.0154500581
49.8302796866,23.7243961471,-0.0177940643014,16.0522137691
49.8303796866,23.7244961471,-0.0178940643014,16.0889516659
49.8304796866,23.7245961471,-0.0179940643014,16.1257072905
49.8305796866,23.7246961471,-0.0180940643014,16.1623027416
49.8306796866,23.7247961471,-0.0181940643014,16.1957709214
49.8307796866,23.7248961471,-0.0182940643014,16.2324208004
49.8308796866,23.7249961471,-0.0183940643014,16.2691590081
49.8309796866,23.7250961471,-0.0184940643014,16.305787738
49.8310796866,23.7251961471,-0.0185940643014,16.3425371424
49.8311796866,23.7252961471,-0.0186940643014,16.3758190232
49.8312796866,23.7253961471,-0.0187940643014,16.4126038834
49.8313796866,23.7254961471,-0.0188940643014,16.4493632403
49.8314796866,23.7255961471,-0.0189940643014,16.4860016117
49.8315796866,23.7256961471,-0.0190940643014,16.5228191286
49.8316796866,23.7257961471,-0.0191940643014,16.55611034
49.8317796866,23.7258961471,-0.0192940643014,16.5929269239
49.8318796866,23.7259961471,-0.0193940643014,16.6296004402
49.8319796866,23.7260961471,-0.0194940643014,16.6662767556
49.8320796866,23.7261961471,-0.0195940643014,16.70308432
49.8321796866,23.7262961471,-0.0196940643014,16.7363780195
49.8322796866,23.7263961471,-0.0197940643014,16.7731420416
49.8323796866,23.7264961471,-0.0198940643014,16.8098802493
49.8324796866,23.7265961471,-0.0199940643014,16.8466262324
49.8325796866,23.7266961471,-0.0200940643014,16.8832782886
49.8326796866,23.7267961471,-0.0201940643014,16.9166170854
49.8327796866,23.7268961471,-0.0202940643014,16.9532999322
49.8328796866,23.7269961471,-0.0203940643014,16.9899778027
49.8329796866,23.7270961471,-0.0204940643014,17.0268186459
49.8330796866,23.7271961471,-0.0205940643014,17.0635018037
49.8331796866,23.7272961471,-0.0206940643014,17.0968847649
49.8332796866,23.7273961471,-0.0207940643014,17.1334516026
49.8333796866,23.7274961471,-0.0208940643014,17.1702171797
49.8334796866,23.7275961471,-0.0209940643014,17.2071503949
49.8335796866,23.7276961471,-0.0210940643014,17.243709146
49.8336796866,23.7277961471,-0.0211940643014,17.2770361243
49.8337796866,23.7278961471,-0.0212940643014,17.313718971
49.8338796866,23.7279961471,-0.0213940643014,17.3504755288
49.8339796866,23.7280961471,-0.0214940643014,17.3872152916
49.8340796866,23.7281961471,-0.0215940643014,17.4239342163
49.8341796866,23.7282961471,-0.0216940643014,17.4572568403
49.8342796866,23.7283961471,-0.0217940643014,17.493770494
49.8343796866,23.7284961471,-0.0218940643014,17.5307618692
49.8344796866,23.7285961471,-0.0219940643014,17.5673395924
49.8345796866,23.7286961471,-0.0220940643014,17.6040728239
49.8346796866,23.7287961471,-0.0221940643014,17.6375024376
49.8347796866,23.7288961471,-0.0222940643014,17.6740776727
49.8348796866,23.7289961471,-0.0223940643014,17.7109496175
49.8349796866,23.7290961471,-0.0224940643014,17.747589544
49.8350796866,23.7291961471,-0.0225940643014,17.7843162441
49.8351796866,23.7292961471,-0.0226940643014,17.8176457105
49.8352796866,23.7293961471,-0.0227940643014,17.8543207818
49.8353796866,23.7294961471,-0.0228940643014,17.891104398
49.8354796866,23.7295961471,-0.0229940643014,17.9278951675
49.8355796866,23.7296961471,-0.0230940643014,17.9646156473
49.8356796866,23.7297961471,-0.0231940643014,17.9979065476
49.8357796866,23.7298961471,-0.0232940643014,18.0346061893
49.8358796866,23.7299961471,-0.0233940643014,18.071401002
49.8359796866,23.7300961471,-0.0234940643014,18.1081339225
49.8360796866,23.7301961471,-0.0235940643014,18.1447598532
49.8361796866,23.7302961471,-0.0236940643014,18.17817205
49.8362796866,23.7303961471,-0.0237940643014,18.1980957701
49.8363796866,23.7304961471,-0.0238940643014,18.2348230922
49.8364796866,23.7305961471,-0.0239940643014,18.2682063645
49.8365796866,23.7306961471,-0.0240940643014,18.2881636743
49.8366796866,23.7307961471,-0.0241940643014,18.3249326727
49.8367796866,23.7308961471,-0.0242940643014,18.3583884118
49.8368796866,23.7309961471,-0.0243940643014,18.3783985945
49.8369796866,23.7310961471,-0.0244940643014,18.4150745989
49.8370796866,23.7311961471,-0.0245940643014,18.4485244286
49.8371796866,23.7312961471,-0.0246940643014,18.4851117933
49.8372796866,23.7313961471,-0.0247940643014,18.5218711502
49.8373796866,23.7314961471,-0.0248940643014,18.5586199325
49.8374796866,23.7315961471,-0.0249940643014,18.5953693368
49.8375796866,23.7316961471,-0.0250940643014,18.6286481075
49.8376796866,23.7317961471,-0.0251940643014,18.6487292019
49.8377796866,23.7318961471,-0.0252940643014,18.6854269775
49.8378796866,23.7319961471,-0.0253940643014,18.718777593
49.8379796866,23.7320961471,-0.0254940643014,18.7554775457
49.8380796866,23.7321961471,-0.0255940643014,18.7923040821
49.8381796866,23.7322961471,-0.0256940643014,18.8290021687
49.8382796866,23.7323961471,-0.0257940643014,18.8655571877
49.8383796866,23.7324961471,-0.0258940643014,18.8989640972
49.8384796866,23.7325961471,-0.0259940643014,18.935591272
49.8385796866,23.7326961471,-0.0260940643014,18.9725241761
49.7828864583,23.6805771773,-0.0496134315689,19.0143372408
49.3271673726,23.4655125068,-18.4024101866,19.0576540706
49.0351199078,22.9557893783,-22.3280579647,19.0809380135
48.958311524,22.9372202715,-22.8032710457,19.1162461671
48.8982948617,23.0377522225,-22.8417025975,19.1528640114
49.4534640081,23.6125860442,-16.4587264814,19.1922890911
49.0860642258,23.0623489711,-21.6491080439,19.2285822342
49.6888010876,23.8380633088,-7.98534095444,19.2679836766
49.7192134657,23.8280638132,0.00741661830671,19.3019301998
49.7193134657,23.8281638132,0.00731661830671,19.3328499099
49.7194134657,23.8282638132,0.00721661830671,19.3695535948
49.7195134657,23.8283638132,0.00711661830671,19.4063216602
49.7196134657,23.8284638132,0.00701661830671,19.4396190918
49.7197134657,23.8285638132,0.00691661830671,19.4762798564
49.7956001763,23.7136960557,-0.0327623112612,19.5199636857
49.7957001763,23.7137960557,-0.0328623112612,19.5498259396
49.7958001763,23.7138960557,-0.0329623112612,19.586426367
49.7959001763,23.7139960557,-0.0330623112612,19.6198544256
49.7960001763,23.7140960557,-0.0331623112612,19.6565142572
49.7961001763,23.7141960557,-0.0332623112612,19.6932462446
49.7484134191,23.7621295908,-0.00331665124499,19.7307666589
49.7485134191,23.7622295908,-0.00341665124499,19.7666585906
49.7591952673,23.7647266766,-0.0059644483823,19.8053145264
49.3553117294,23.3632842171,-18.7113504899,19.8476566303
48.8284956244,22.8045658856,-24.007154579,19.8755896485
49.3934114044,23.370152631,-18.3934697096,19.9137423595
49.3789444336,23.5920260094,-17.4227628361,19.947733047
49.1025410842,23.0919412946,-21.4889821699,19.982840906
49.8121290937,23.6705153131,0.00870351624087,20.0255677374
49.8122290937,23.6706153131,0.00860351624087,20.0536845664
49.8123290937,23.6707153131,0.00850351624087,20.0904498326
49.8124290937,23.6708153131,0.00840351624087,20.1270166702
49.8125290937,23.6709153131,0.00830351624087,20.1604621457
49.8126290937,23.6710153131,0.00820351624087,20.1969813978
49.8127290937,23.6711153131,0.00810351624087,20.233804513
49.8128290937,23.6712153131,0.00800351624087,20.2705116191
49.8129290937,23.6713153131,0.00790351624087,20.3071894896
49.8130290937,23.6714153131,0.00780351624087,20.3405908008
49.8131290937,23.6715153131,0.00770351624087,20.3772692934
49.8132290937,23.6716153131,0.00760351624087,20.4140743697
49.8133290937,23.6717153131,0.00750351624087,20.4508172426
49.8134290937,23.6718153131,0.00740351624087,20.4875047547
49.8135290937,23.6719153131,0.00730351624087,20.5207857024
49.8136290937,23.6720153131,0.00720351624087,20.5575077373
49.8137290937,23.6721153131,0.00710351624087,20.5943426712
49.8138290937,23.6722153131,0.00700351624087,20.6310606628
49.8139290937,23.6723153131,0.00690351624087,20.6676729089
49.8140290937,23.6724153131,0.00680351624087,20.7010782633
49.8141290937,23.6725153131,0.00670351624087,20.7376814898
49.8142290937,23.6726153131,0.00660351624087,20.7745761389
49.8143290937,23.6727153131,0.00650351624087,20.8111352011
49.8144290937,23.6728153131,0.00640351624087,20.8478867825
49.8145290937,23.6729153131,0.00630351624087,20.8813378563
49.8146290937,23.6730153131,0.00620351624087,20.9178913202
49.8147290937,23.6731153131,0.00610351624087,20.9546559644
49.8148290937,23.6732153131,0.00600351624087,20.991504272
49.8149290937,23.6733153131,0.00590351624087,21.0281616154
49.8150290937,23.6734153131,0.00580351624087,21.0614497166
49.8151290937,23.6735153131,0.00570351624087,21.0981745506
49.8152290937,23.6736153131,0.00560351624087,21.1349395057
49.8153290937,23.6737153131,0.00550351624087,21.1716655838
49.7311180643,23.7796313607,0.0423881303619,21.2140832647
49.7312180643,23.7797313607,0.0422881303619,21.2417631155
49.5555163887,23.6900655576,14.3115826284,21.2896478453
49.1412355802,23.2485149709,20.7375051695,21.3178253225
49.4771575208,23.5087675786,16.5471172997,21.3544220177
49.2663441247,23.2537723647,19.6470914762,21.3906862362
49.4260968376,23.6504242184,16.2888474509,21.4251048826
49.6506069132,23.6957099005,12.5537776909,21.4619774494
49.7447117126,23.7848819031,0.017959333111,21.5004103863
49.7448117126,23.7849819031,0.017859333111,21.5321536683
49.7449117126,23.7850819031,0.017759333111,21.5687659143
49.7450117126,23.7851819031,0.017659333111,21.6021460764
49.6505204969,23.5753189923,-13.7448701985,21.648316483
49.7957779536,23.6691934078,-0.00527190838465,21.6797017849
49.7958779536,23.6692934078,-0.00537190838465,21.7123022285
49.7959779536,23.6693934078,-0.00547190838465,21.7490233303
49.7960779536,23.6694934078,-0.00557190838465,21.7824094017
49.7961779536,23.6695934078,-0.00567190838465,21.8190595917
49.3834225983,23.3403038344,-18.5270291337,21.8677016468
49.6656500381,23.7551728903,-9.93489145332,21.8981591864
49.4622234262,23.5245474138,-16.5281459826,21.9333074775
49.7992764431,23.6606836406,0.0444538256108,21.9687568326
49.7993764431,23.6607836406,0.0443538256108,21.9992327222
49.7994764431,23.6608836406,0.0442538256108,22.036103423
49.7995764431,23.6609836406,0.0441538256108,22.0728761535
49.7996764431,23.6610836406,0.0440538256108,22.109422464
49.7997764431,23.6611836406,0.0439538256108,22.1429447607
49.7998764431,23.6612836406,0.0438538256108,22.1628958502
49.7999764431,23.6613836406,0.0437538256108,22.1995687445
49.8000764431,23.6614836406,0.0436538256108,22.2331476461
49.8001764431,23.6615836406,0.0435538256108,22.2529422943
49.8002764431,23.6616836406,0.0434538256108,22.2896839232
49.8003764431,23.6617836406,0.0433538256108,22.3230864785
49.8004764431,23.6618836406,0.0432538256108,22.3431221645
49.8005764431,23.6619836406,0.0431538256108,22.3797791969
49.8006764431,23.6620836406,0.0430538256108,22.4131332336
49.8007764431,23.6621836406,0.0429538256108,22.4332171272
49.8008764431,23.6622836406,0.0428538256108,22.4700974695
49.8009764431,23.6623836406,0.0427538256108,22.5033326978
49.8010764431,23.6624836406,0.0426538256108,22.5234349414
49.8011764431,23.6625836406,0.0425538256108,22.5600412781
49.8012764431,23.6626836406,0.0424538256108,22.5966715631
49.8013764431,23.6627836406,0.0423538256108,22.6300632328
49.8191947287,23.6430664786,0.00938715739721,22.6775623021
49.8192947287,23.6431664786,0.00928715739721,22.7035763482
49.8193947287,23.6432664786,0.00918715739721,22.7401805078
49.8194947287,23.6433664786,0.00908715739721,22.7768670868
49.8195947287,23.6434664786,0.00898715739721,22.8101974862
49.8196947287,23.6435664786,0.00888715739721,22.8469521778
49.8197947287,23.6436664786,0.00878715739721,22.8838085718
49.8198947287,23.6437664786,0.00868715739721,22.92042455
49.8199947287,23.6438664786,0.00858715739721,22.9571388095
49.8200947287,23.6439664786,0.00848715739721,22.9905503842
49.8201947287,23.6440664786,0.00838715739721,23.0271844014
49.8202947287,23.6441664786,0.00828715739721,23.0639602421
49.8203947287,23.6442664786,0.00818715739721,23.1007286185
49.8204947287,23.6443664786,0.00808715739721,23.1373110069
49.1789390643,23.2745467283,-20.5216620259,23.1822619176
49.6894734509,23.5904499886,-12.5608134445,23.2121235495
49.5754133736,23.7701559359,-13.033583989,23.2445118797
49.6015957239,23.7387481084,-12.8928187148,23.280940937
49.3922240962,23.3513000066,-18.1436721399,23.3209989354
49.8043511729,23.6441552991,-0.000408080662445,23.360478754
49.5423510475,23.5735953608,15.3325901854,23.4035713408
49.7301374732,23.8098601004,0.00150722942669,23.4295561514
49.7417226014,23.8037865019,-0.0392214473339,23.4649467244
49.7910474248,23.7099050542,0.00546474542399,23.5033448275
49.7710919935,23.8043242832,0.00968308135795,23.5352650778
49.7711919935,23.8044242832,0.00958308135795,23.5678605452
49.7712919935,23.8045242832,0.00948308135795,23.604657224
49.7713919935,23.8046242832,0.00938308135795,23.6413422479
49.7714919935,23.8047242832,0.00928308135795,23.6781040929
49.7715919935,23.8048242832,0.00918308135795,23.7113794424
49.7716919935,23.8049242832,0.00908308135795,23.7481391102
49.7717919935,23.8050242832,0.00898308135795,23.784916195
49.7718919935,23.8051242832,0.00888308135795,23.8216444502
49.7719919935,23.8052242832,0.00878308135795,23.858232437
49.7720919935,23.8053242832,0.00868308135795,23.8916446337
49.7721919935,23.8054242832,0.00858308135795,23.9282742967
49.7722919935,23.8055242832,0.00848308135795,23.9650171697
49.7723919935,23.8056242832,0.00838308135795,24.0018315765
49.7724919935,23.8057242832,0.00828308135795,24.0384973173
49.7725919935,23.8058242832,0.00818308135795,24.0719092031
49.7726919935,23.8059242832,0.00808308135795,24.1084788398
49.7727919935,23.8060242832,0.00798308135795,24.1452720975
49.7728919935,23.8061242832,0.00788308135795,24.1819788926
49.7729919935,23.8062242832,0.00778308135795,24.218712124
49.7730919935,23.8063242832,0.00768308135795,24.2521006835
49.7731919935,23.8064242832,0.00758308135795,24.2721457001
49.7732919935,23.8065242832,0.00748308135795,24.3088938603
49.7733919935,23.8066242832,0.00738308135795,24.3421415293
49.7734919935,23.8067242832,0.00728308135795,24.3622922915
49.7735919935,23.8068242832,0.00718308135795,24.3990435619
49.7736919935,23.8069242832,0.00708308135795,24.4322965182
49.7737919935,23.8070242832,0.00698308135795,24.4524740278
49.7738919935,23.8071242832,0.00688308135795,24.4889699536
49.7739919935,23.8072242832,0.00678308135795,24.5224770104
49.7740919935,23.8073242832,0.00668308135795,24.5425372668
49.7741919935,23.8074242832,0.00658308135795,24.5791261866
49.7742919935,23.8075242832,0.00648308135795,24.6125925002
49.7743919935,23.8076242832,0.00638308135795,24.6324446865
49.7744919935,23.8077242832,0.00628308135795,24.669272156
49.7745919935,23.8078242832,0.00618308135795,24.7028152907
49.7746919935,23.8079242832,0.00608308135795,24.7226833388
49.7747919935,23.8080242832,0.00598308135795,24.7594178143
49.7748919935,23.8081242832,0.00588308135795,24.7961376721
49.7749919935,23.8082242832,0.00578308135795,24.8293526844
49.7750919935,23.8083242832,0.00568308135795,24.8662507546
49.7751919935,23.8084242832,0.00558308135795,24.9030524097
49.7752919935,23.8085242832,0.00548308135795,24.9395984092
49.7753919935,23.8086242832,0.00538308135795,24.9763680296
49.7754919935,23.8087242832,0.00528308135795,25.0097662306
49.7755919935,23.8088242832,0.00518308135795,25.0465339849
49.7756919935,23.8089242832,0.00508308135795,25.0832833893
49.7757919935,23.8090242832,0.00498308135795,25.1197989091
49.7758919935,23.8091242832,0.00488308135795,25.1565277864
49.7759919935,23.8092242832,0.00478308135795,25.1897232046
49.7760919935,23.8093242832,0.00468308135795,25.2266324714
49.7761919935,23.8094242832,0.00458308135795,25.2634154655
49.7762919935,23.8095242832,0.00448308135795,25.3001029776
49.7763919935,23.8096242832,0.00438308135795,25.3367366837
49.7764919935,23.8097242832,0.00428308135795,25.3700017697
49.7765919935,23.8098242832,0.00418308135795,25.4067489969
49.7766919935,23.8099242832,0.00408308135795,25.4436088121
49.7767919935,23.8100242832,0.00398308135795,25.4802804623
49.7768919935,23.8101242832,0.00388308135795,25.5138889105
49.7769919935,23.8102242832,0.00378308135795,25.5503907456
49.7770919935,23.8103242832,0.00368308135795,25.5870054798
49.7771919935,23.8104242832,0.00358308135795,25.6238366815
49.7772919935,23.8105242832,0.00348308135795,25.6604710097
49.7773919935,23.8106242832,0.00338308135795,25.6937939447
49.7005939496,23.8288062525,-0.00859790493212,25.7198425137
49.4835602239,23.4425532295,16.9407417305,25.7598171596
48.9916937234,22.9570201048,22.5259254859,25.7867029851
48.9012227189,23.0403933386,22.8302122929,25.8207123336
49.4631820371,23.5950507865,16.064178017,25.8609634733
48.9117807317,23.0273584455,22.7597877628,25.8967776508
49.3631045732,23.7479585908,16.7826271715,25.9340523621
49.7215357687,23.8538969829,0.00684240782784,25.9712782438
49.7216357687,23.8539969829,0.00674240782784,26.0010434605
49.7217357687,23.8540969829,0.00664240782784,26.0376019007
49.7218357687,23.8541969829,0.00654240782784,26.0742524017
49.7219357687,23.8542969829,0.00644240782784,26.1109557756
49.7220357687,23.8543969829,0.00634240782784,26.1443670393
49.7221357687,23.8544969829,0.00624240782784,26.1643486085
49.7222357687,23.8545969829,0.00614240782784,26.201063179
49.7223357687,23.8546969829,0.00604240782784,26.2346069357
49.7224357687,23.8547969829,0.00594240782784,26.2711062828
49.7225357687,23.8548969829,0.00584240782784,26.3078609744
49.3455499663,23.4079169026,18.7176047888,26.3546932242
49.73919494,23.7847010543,-0.01550874541,26.3912532194
49.73929494,23.7848010543,-0.01560874541,26.414626424
49.73939494,23.7849010543,-0.01570874541,26.4348854199
49.73949494,23.7850010543,-0.01580874541,26.4713601967
49.73959494,23.7851010543,-0.01590874541,26.5048628992
49.5478443156,23.6948255068,14.6353828308,26.5527121732
49.7340076182,23.7688797876,-0.0173528276741,26.5881030572
49.7341076182,23.7689797876,-0.0174528276741,26.6148349295
49.4905269699,23.5191554997,-16.5821948014,26.6588372398
49.4622465324,23.5984955375,-16.3546246093,26.6852304151
49.6806029018,23.9117979629,0.032005022961,26.7274474903
49.6807029018,23.9118979629,0.031905022961,26.758377153
49.6808029018,23.9119979629,0.031805022961,26.7955470517
49.6809029018,23.9120979629,0.031705022961,26.8318815599
49.6810029018,23.9121979629,0.031605022961,26.8651342052
49.2806369839,23.4850010993,-18.8976349333,26.8950337811
49.6410287857,23.9033983019,-9.41126202249,26.9288534095
49.5757440503,23.7389528999,-13.4773817748,26.9572921406
49.5302017196,23.705784175,-14.6721315996,26.9923057616
49.2503055374,23.6048178579,-18.5923820127,27.031800198
49.6946963499,23.8067122062,-9.12251063267,27.0714106435
49.7223694632,23.6812676395,-10.5408609534,27.1041578869
49.471083698,23.6624688722,-15.5077593318,27.143289056
49.6848487392,23.8429208652,0.0125745005533,27.1764751437
49.752546737,23.7877369431,4.95310941722e-06,27.2149074586
49.7322227901,23.8302801317,0.0266794309613,27.2497347806
49.7323227901,23.8303801317,0.0265794309613,27.2824173326
49.7324227901,23.8304801317,0.0264794309613,27.3191412335
49.7325227901,23.8305801317,0.0263794309613,27.3525817328
49.7326227901,23.8306801317,0.0262794309613,27.3891339527
49.7327227901,23.8307801317,0.0261794309613,27.4259268993
49.7328227901,23.8308801317,0.0260794309613,27.4627123815
49.6466076776,23.7753179604,11.8487858596,27.5128541584
49.6019482761,23.4689882366,15.3285652854,27.5558347793
49.5712064933,23.6473643587,14.6967450429,27.5897358941
49.7705703136,23.7059607014,-0.00209094153561,27.6281663428
49.7010596,23.9061123915,-0.00557236928204,27.6637376165
49.7011596,23.9062123915,-0.00567236928204,27.6962677703
49.7012596,23.9063123915,-0.00577236928204,27.7329098739
49.7013596,23.9064123915,-0.00587236928204,27.7697426307
49.7014596,23.9065123915,-0.00597236928204,27.8031986808
49.7015596,23.9066123915,-0.00607236928204,27.8396532414
49.7016596,23.9067123915,-0.00617236928204,27.8764405898
49.7017596,23.9068123915,-0.00627236928204,27.9131585814
49.7018596,23.9069123915,-0.00637236928204,27.9498706638
49.7019596,23.9070123915,-0.00647236928204,27.9832977893
49.7020596,23.9071123915,-0.00657236928204,28.019977837
49.7021596,23.9072123915,-0.00667236928204,28.0566914744
49.7022596,23.9073123915,-0.00677236928204,28.0934614058
49.7023596,23.9074123915,-0.00687236928204,28.1301476738
49.7024596,23.9075123915,-0.00697236928204,28.1635340562
49.7025596,23.9076123915,-0.00707236928204,28.2001173776
49.7026596,23.9077123915,-0.00717236928204,28.2371977036
49.7027596,23.9078123915,-0.00727236928204,28.2736447998
49.7028596,23.9079123915,-0.00737236928204,28.3102340306
49.7029596,23.9080123915,-0.00747236928204,28.3438306602
49.7030596,23.9081123915,-0.00757236928204,28.380307614
49.7031596,23.9082123915,-0.00767236928204,28.4171736496
49.2365768112,23.4421704251,-19.5670066544,28.462043696
48.8618852675,23.0203921123,-23.1792840884,28.4925214516
49.0668359835,23.3645632659,-20.6921531558,28.5262026777
49.4042539602,23.5217408584,-17.5087848103,28.5625937909
49.7465342906,23.7270198453,-8.57373282054,28.6043303456
49.2866948205,23.3648768154,-19.2716954948,28.6405724819
49.5522742207,23.7465796424,-13.8965172023,28.6742701919
49.585708347,23.709506,-13.82057726,28.7043576218
49.400190435,23.5892472896,-16.7961868535,28.7262239512
49.7173659504,23.8418119852,0.00714375671285,28.7741963877
49.7359693672,23.8474970258,-0.0274288005185,28.8194573819
49.7360693672,23.8475970258,-0.0275288005185,28.8509390989
49.3261116243,23.2756590524,-19.4613750021,28.8939629511
49.4216050533,23.3433542012,-18.0749286262,28.9219124532
49.4502791619,23.4661389376,-17.1416120408,28.9586833177
49.3601445083,23.4856919303,-17.7439141501,28.9955617939
49.3490110017,23.4759413272,-18.0573637533,29.0313430037
49.3555197849,23.416943064,-18.3367073693,29.0648289114
48.9540912408,23.035543333,-22.2919287986,29.0866495214
49.2101118974,23.3651676795,-19.6740517212,29.1228145256
49.1742373131,23.1205386562,-20.8425162213,29.1559592481
49.1967916493,23.4649247033,-19.675188986,29.1921988963
48.5868018754,22.6491817277,-25.2820607129,29.2304984071
49.1815437103,23.2693898698,-20.5573006812,29.2672316386
49.303136878,23.3460032148,-19.0301321206,29.3027484843
49.0476401163,23.1011961986,-21.7138787136,29.3396132758
49.1844908221,23.1337498338,-20.7894864945,29.3726136867
49.0765558488,23.0273152394,-21.9534517112,29.4090943727
49.6369002816,23.6267442585,-13.6940662392,29.4493694606
49.0599751992,23.1312457461,-21.6493141877,29.4863393757
48.6892105676,22.7001917378,-24.8293711385,29.5200380187
48.9271382758,22.9561211617,-23.0897207799,29.5529889779
49.4100641902,23.3296903582,-18.2585823391,29.5910350102
48.7268835266,22.8849706271,-24.2098243463,29.6278699441
49.3220421228,23.5749094065,-17.947321805,29.6649760844
49.3096627431,23.5220925364,-18.4811272478,29.6989275838
49.3437847875,23.440637551,-18.3685564247,29.732158458
49.1848754395,23.3446847357,-20.026424355,29.7700225456
49.7156592176,23.8235021416,0.0453914007748,29.8138251832
49.736777787,23.7872650797,-0.0456536189485,29.8464368234
49.736877787,23.7873650797,-0.0457536189485,29.8789865712
49.2254553468,23.2096868012,-20.2770303143,29.9225456829
49.2739347804,23.3812374285,-19.2932183534,29.9498280545
49.2967558875,23.4651776924,-18.6516059916,29.986016696
49.750480864,23.7380479382,0.0237356613179,30.0295011637
49.3224322294,23.3926733124,18.7676442174,30.0709562484
49.3411261423,23.4655510605,18.1907892287,30.0928583447
