49.4543874334,75.0590623254,16.0763922367,0.0355669194091
49.5760485022,74.9932691159,12.6623682784,0.0676423670474
49.1142628686,75.057109464,20.8074236339,0.104183079269
48.75970776,74.9249283077,22.7400664865,0.13741519745
48.8863222161,75.0666489509,22.7110010474,0.173653290571
49.1989245221,75.0061457647,19.0777906381,0.211052097449
48.6569463262,75.0224651368,23.7543742873,0.248001796432
49.3698945362,74.9464057977,15.6118332129,0.281127235937
49.5197431027,74.9466518232,-0.000138829899517,0.319245424091
49.5380385019,74.9531745663,0.0377876398016,0.356882469646
48.927162267,75.0203751831,-21.6595921711,0.395231743095
48.7191278571,75.111597562,-24.384172965,0.427651797069
49.5115114175,74.9282253754,-0.0262438474465,0.463397550993
49.4353185004,74.9347759737,16.5032411594,0.500372442317
49.5450373215,74.9359936755,-0.0338877113445,0.53575337383
49.5185623552,74.8047952844,0.0195802091846,0.574061593095
49.5186623552,74.8048952844,0.0194802091846,0.607114876761
49.5187623552,74.8049952844,0.0193802091846,0.640765001183
49.5188623552,74.8050952844,0.0192802091846,0.677275855816
49.5189623552,74.8051952844,0.0191802091846,0.713915160284
49.5190623552,74.8052952844,0.0190802091846,0.750749161111
49.5191623552,74.8053952844,0.0189802091846,0.787394063876
49.5192623552,74.8054952844,0.0188802091846,0.820718242956
49.5193623552,74.8055952844,0.0187802091846,0.857497815886
49.5194623552,74.8056952844,0.0186802091846,0.894201500779
49.5195623552,74.8057952844,0.0185802091846,0.930873150968
48.6322260121,75.0843822648,25.1011023962,0.968048025931
48.9646161137,75.0449309673,21.8957840852,1.00129600596
48.9961662561,74.9004854657,19.9515154499,1.03799067137
49.0882440748,74.9545340637,19.6004135681,1.07456746151
49.5763724582,74.8843018028,0.0284779892453,1.11312667113
49.5764724582,74.8844018028,0.0283779892453,1.14447807224
49.5765724582,74.8845018028,0.0282779892453,1.18116060801
49.5766724582,74.8846018028,0.0281779892453,1.21784594293
49.524130929,74.7901899583,-0.00139012707364,1.25847123548
49.524230923,74.790289964,0.216625027359,1.29109624936
49.3320291085,74.802606789,13.4918582287,1.33428898351
49.4177068925,74.8434649103,0.015749467765,1.36272180534
49.4955399584,74.8859241392,-0.0275074738965,1.40103873307
49.5181946092,74.9009416231,-0.00661710372605,1.43808733531
49.635335069,74.8757280533,-0.0209592882606,1.47216541851
49.635435069,74.8758280533,-0.0210592882606,1.50468810794
49.635535069,74.8759280533,-0.0211592882606,1.54146612579
49.635635069,74.8760280533,-0.0212592882606,1.57816763357
49.635735069,74.8761280533,-0.0213592882606,1.61483928375
49.635835069,74.8762280533,-0.0214592882606,1.64825521272
49.635935069,74.8763280533,-0.0215592882606,1.68483138082
49.636035069,74.8764280533,-0.0216592882606,1.72165231895
49.636135069,74.8765280533,-0.0217592882606,1.75830966238
49.636235069,74.8766280533,-0.0218592882606,1.79506062179
49.636335069,74.8767280533,-0.0219592882606,1.82841590252
49.636435069,74.8768280533,-0.0220592882606,1.86507542307
49.636535069,74.8769280533,-0.0221592882606,1.90184348839
49.636635069,74.8770280533,-0.0222592882606,1.93857360969
49.636735069,74.8771280533,-0.0223592882606,1.97515599813
49.636835069,74.8772280533,-0.0224592882606,2.00857721437
49.636935069,74.8773280533,-0.0225592882606,2.04513907571
49.637035069,74.8774280533,-0.0226592882606,2.08199422567
49.637135069,74.8775280533,-0.0227592882606,2.11863570725
49.637235069,74.8776280533,-0.0228592882606,2.15531699895
49.637335069,74.8777280533,-0.0229592882606,2.18877740328
49.637435069,74.8778280533,-0.0230592882606,2.22545123058
49.637535069,74.8779280533,-0.0231592882606,2.26213780957
49.637635069,74.8780280533,-0.0232592882606,2.29884647072
49.637735069,74.8781280533,-0.0233592882606,2.33215416593
49.637835069,74.8782280533,-0.0234592882606,2.36883359153
49.637935069,74.8783280533,-0.0235592882606,2.40571891009
49.638035069,74.8784280533,-0.0236592882606,2.44234484084
49.638135069,74.8785280533,-0.0237592882606,2.47914494086
49.638235069,74.8786280533,-0.0238592882606,2.51235870907
49.638335069,74.8787280533,-0.0239592882606,2.54906674819
49.638435069,74.8788280533,-0.0240592882606,2.58584476604
49.638535069,74.8789280533,-0.0241592882606,2.62247474001
49.638635069,74.8790280533,-0.0242592882606,2.65913705971
49.638735069,74.8791280533,-0.0243592882606,2.69257569287
49.638835069,74.8792280533,-0.0244592882606,2.72926413796
49.638935069,74.8793280533,-0.0245592882606,2.76595880337
49.639035069,74.8794280533,-0.0246592882606,2.80266279928
49.639135069,74.8795280533,-0.0247592882606,2.83935590961
49.5229360702,74.7329580107,0.000538380442185,2.87658459044
48.7940365069,74.8482455206,-21.9960520207,2.91721610332
48.895718969,74.8830171185,-21.2983668837,2.94642117923
48.5655960929,74.9330433475,-24.3092296916,2.98342872729
49.4500651031,74.8072513521,-0.00233139521185,3.02258384462
49.4566614167,74.8076911153,-9.54903205505,3.05446926115
49.1554563411,74.9652622049,-19.3287339732,3.09160992429
48.7262255635,75.0466124695,-24.0422972758,3.12705990148
49.443225864,74.7804691296,-0.002684633369,3.16614846126
49.443325864,74.7805691296,-0.002784633369,3.19644955949
49.443425864,74.7806691296,-0.002884633369,3.21647311589
49.443525864,74.7807691296,-0.002984633369,3.25307354328
49.443625864,74.7808691296,-0.003084633369,3.2865768679
49.4437258626,74.7809691369,-0.0901977585434,3.32305008953
48.8806995988,74.9926056446,-22.4699503242,3.36417642974
49.5124855603,74.8201087814,-7.46905115731,3.39884171217
49.1007012461,74.9896516869,-21.5668328033,3.43513609929
48.9823130585,74.9398719732,-20.8210617239,3.46682992962
49.3396995727,74.9285971841,-16.6174554292,3.50414507305
49.449129036,74.9124857976,-13.1590190096,3.5408198334
49.0980392241,74.8823861816,-18.7169899074,3.5782923512
49.1640191285,74.9047942095,-19.2402692149,3.61358961926
48.7553302075,75.0207240939,-23.7099163331,3.64773426
49.3919438052,74.8252318958,-12.0839862283,3.6852913743
49.4311672608,74.7872344345,-11.4350354218,3.72035849011
49.367781318,74.6593180713,0.00942313602988,3.75872238134
49.5241210806,74.7700173142,-0.0277895096113,3.7939387851
49.128943911,74.8993566038,20.1730038146,3.83143245203
49.5622628546,74.7948493139,0.00706766759233,3.8666979964
49.5623628546,74.7949493139,0.00696766759233,3.90049958588
49.5624628504,74.7950493222,-0.0846806684962,3.93722006567
49.5625628504,74.7951493222,-0.0847806684962,3.97060209383
49.5626628504,74.7952493222,-0.0848806684962,4.00715027044
49.5627628504,74.7953493222,-0.0849806684962,4.04401257378
49.5628628504,74.7954493222,-0.0850806684962,4.08053493602
49.6309599175,74.8138481029,0.00364994035895,4.12107843122
49.6310599175,74.8139481029,0.00354994035895,4.1506324677
49.6311599175,74.8140481029,0.00344994035895,4.1872705281
49.6312599103,74.8141481076,-0.1280903547,4.22410639503
49.6313599048,74.8142481126,0.0299326317049,4.26076342744
49.6314599048,74.8143481126,0.0298326317049,4.29748048604
49.6315599048,74.8144481126,0.0297326317049,4.33080559817
49.6316599048,74.8145481126,0.0296326317049,4.36759667872
49.6317599048,74.8146481126,0.0295326317049,4.40426646281
49.6318599048,74.8147481126,0.0294326317049,4.44098943072
49.6319599048,74.8148481126,0.0293326317049,4.47424363108
49.6320599048,74.8149481126,0.0292326317049,4.51117186992
49.6321599048,74.8150481126,0.0291326317049,4.54771942451
49.6322599048,74.8151481126,0.0290326317049,4.58444612462
49.6323599048,74.8152481126,0.0289326317049,4.62102478087
49.6324599048,74.8153481126,0.0288326317049,4.65459590708
49.6325599048,74.8154481126,0.0287326317049,4.69111267103
49.4573281159,74.9543204509,15.7438200549,4.73132897682
48.9440513259,75.0404116105,22.0786265632,4.76580080696
49.1148314098,75.0104147713,20.9529074379,4.80157206424
49.4836440499,75.0389227048,17.0290117388,4.83527972673
49.2826001626,74.9862185825,17.8158533105,4.87192773966
49.4847638236,74.9227237884,14.6835767894,4.90900651051
49.3312588376,74.9318277081,17.13420401,4.94557521422
49.5961696356,74.8496354141,-0.0348288414065,4.98465413249
49.5962696356,74.8497354141,-0.0349288414065,5.01474405049
49.5963696356,74.8498354141,-0.0350288414065,5.05150496242
49.5964696356,74.8499354141,-0.0351288414065,5.08826680741
49.5965696356,74.8500354141,-0.0352288414065,5.12496147283
49.5966696356,74.8501354141,-0.0353288414065,5.15837460264
49.5967696356,74.8502354141,-0.0354288414065,5.17832631421
49.5968696356,74.8503354141,-0.0355288414065,5.21489563995
49.5969696356,74.8504354141,-0.0356288414065,5.24837004002
49.5970696356,74.8505354141,-0.0357288414065,5.28491914969
49.5971696356,74.8506354141,-0.0358288414065,5.32182281823
49.5972696356,74.8507354141,-0.0359288414065,5.35855604969
49.5973696356,74.8508354141,-0.0360288414065,5.39513346187
49.5974696356,74.8509354141,-0.0361288414065,5.42850647054
49.5975696356,74.8510354141,-0.0362288414065,5.46522726135
49.5976696356,74.8511354141,-0.0363288414065,5.50198008685
49.5977696356,74.8512354141,-0.0364288414065,5.53860819473
49.5978696356,74.8513354141,-0.0365288414065,5.57531001352
49.5979696356,74.8514354141,-0.0366288414065,5.60869888404
49.5980696356,74.8515354141,-0.0367288414065,5.64542216298
48.4614983699,75.1266380361,25.6396326255,5.68562665014
48.6657292123,75.1735754135,25.3950277408,5.71904973248
48.9797100182,75.1179954772,22.8913272137,5.75624015827
48.8282282834,75.1601439054,24.0060026255,5.78932889782
48.032585288,75.3391354827,29.1339267617,5.82630161203
48.7421168033,75.1093539473,23.8113720132,5.86324260255
49.3992251485,74.9402263244,14.0147252853,5.9008532117
48.6473560273,75.0948160036,24.2395439077,5.93383620562
48.8216455994,74.9752165812,22.4814964973,5.96940125893
49.2794100563,74.9151763116,16.3598942495,6.00661532198
49.1876948983,74.8704500658,18.0224308119,6.04270537122
49.1142535618,74.8992707203,18.645500849,6.07928433848
48.627313637,74.981299338,23.8124190317,6.11315341855
49.5847963533,74.9490591148,0.0188187209615,6.15168961295
49.5848963533,74.9491591148,0.0187187209615,6.18590423241
49.5849963533,74.9492591148,0.0186187209615,6.22258645716
48.7778655549,75.104245361,23.8426811117,6.26319962006
48.5561038426,75.116785963,25.050234705,6.29301677654
48.579809624,75.1279661018,25.0846429824,6.32962031411
47.8096984162,75.2433979822,29.8464700299,6.36679643314
48.6254563173,75.1720118707,24.6776037549,6.40354552645
48.2421037346,75.0787952256,26.8092463081,6.44021064529
48.6930781652,75.0542277121,24.1224348167,6.47332426616
48.7384954969,75.127323858,24.3496205335,6.50990883172
47.7177328762,75.2764005868,29.7709082439,6.54702927879
48.2492138143,75.1547015743,27.0349545915,6.58358243167
48.9974781853,75.1163546779,21.9755634928,6.61704439108
49.4956687063,74.9065869374,1.92397600174e-05,6.65574480221
49.6515584926,74.9706701352,0.0373502299849,6.69333612834
49.6516584926,74.9707701352,0.0372502299849,6.72634089342
48.7439385977,75.1819430873,-24.9982106393,6.76725698644
49.5636771648,74.9027240663,-0.054149679447,6.79888332619
49.5637771648,74.9028240663,-0.054249679447,6.83310572106
48.6904556016,75.1217210768,-24.7903879775,6.87365139337
48.6948044086,75.0931444132,-24.2680062747,6.9067454202
49.2875481144,74.9676223622,-18.6822993555,6.94425557101
48.7453506533,75.0910251086,-24.3382111012,6.97769016096
49.1454760641,75.0476409089,-20.5325183022,7.01382841777
48.9111743247,75.1342641759,-22.9029053576,7.05085027259
49.3735502635,74.9589220978,-16.8351792194,7.0877421225
49.4685012108,74.7907539715,-0.0511006214201,7.12214304086
49.4686012108,74.7908539715,-0.0512006214201,7.15685279867
49.4687012108,74.7909539715,-0.0513006214201,7.19360811231
48.6084268845,75.1240395449,-25.6435610529,7.23487285488
49.2000761018,75.0997676299,-20.3488984602,7.26785429372
49.1568308023,75.0015146119,-19.9428003743,7.30050356689
49.0055002723,75.0842683876,-22.8210495084,7.33753288611
49.189395666,74.8629234836,-17.1430172295,7.37470465091
49.2728032685,74.8485275024,-15.9156585581,7.41065909694
49.281316005,74.7769587475,-14.7214491623,7.44727445313
49.5375368421,74.8720795733,-0.0218445624641,7.48238324517
49.5376368421,74.8721795733,-0.0219445624641,7.51703017762
49.5377368421,74.8722795733,-0.0220445624641,7.55384707254
49.295224192,74.9215176848,-17.6173238193,7.59492240604
49.1740321802,74.9372267915,-18.8696488546,7.62752253859
48.9356067174,74.8977904854,-20.8948790626,7.66154992609
48.6568078603,75.0486750496,-24.186041398,7.69806482394
48.6325869533,75.1810286103,-25.0704368124,7.73427150438
49.1615486142,75.0437720839,-19.7804483251,7.77153688516
49.5272665574,74.9165133741,-0.0163312745004,7.80726833233
48.6247258328,75.1100513465,-24.6726977239,7.84526460199
49.3153536734,74.9795509125,-16.4435633487,7.8785197354
49.2306565784,74.9426237389,-17.7437142143,7.91461818209
49.461153062,74.9059433206,-13.6594190895,7.95199646188
49.5390066437,75.036416498,-14.4215081237,7.98442802346
49.0306678758,75.088956762,-21.8329303551,8.02166696783
48.9695677873,75.0357568022,-21.8787397374,8.057736801
48.4941748816,75.1259272722,-26.0706672231,8.09489457006
49.2720161479,75.1145808337,-20.2926534247,8.13196556549
49.223271557,75.005078527,-19.1127153931,8.16463754287
49.5996079428,74.8805524533,-0.00377817985074,8.20368629254
49.5997079428,74.8806524533,-0.00387817985074,8.23787198745
49.5998079428,74.8807524533,-0.00397817985074,8.27447210384
49.5999079374,74.8808524589,-0.16605857873,8.30788492263
49.1475632381,74.901027364,-18.520404185,8.33582789339
49.0928697067,74.9902970314,-20.2981054991,8.36506749215
48.5415217094,75.1003513386,-25.5000169598,8.39898726792
49.0748504643,75.0352487113,-20.9377690804,8.43529782789
49.2492884748,74.9594935578,-18.0712750747,8.47216883969
48.9149707626,75.0940569893,-22.613013957,8.50887128051
49.0807205488,74.8565514476,-19.9641503236,8.54511372787
48.6157504181,74.9672506417,-23.7804145147,8.57899244945
48.1556905381,75.1338160049,-27.709224763,8.61534997293
48.5754009138,75.0429960809,-24.7215724572,8.65216624581
48.9724158726,74.9496123303,-20.5495688902,8.68884442735
48.6114150626,74.8982733024,-23.4127198621,8.72563488586
49.4001192126,74.8558568597,-15.1877845157,8.75969026484
48.9320744382,74.86885586,-20.7745681629,8.79609226368
49.5366898986,74.8120695408,0.00411985050278,8.8342717221
49.0129828535,74.9255743455,-21.4019944529,8.87238400094
48.3843275242,75.1144132123,-26.7618599972,8.90287481926
49.2431875585,74.9137965636,-17.2692382572,8.93991626812
48.3930438579,75.0552006134,-25.9915725493,8.9762756577
49.3640949214,74.9092951957,-16.221327294,9.0131205441
48.7402533841,75.069619833,-24.1062446226,9.04976389179
48.8658252466,75.1111197382,-23.3403200362,9.0821677729
49.055202173,75.1051829994,-21.9352934533,9.11906833127
49.0649822547,74.9573452478,-20.4392868979,9.1557934763
48.635835834,74.9348658017,-23.6899409056,9.19296804025
48.8307998089,75.0259374702,-22.8163272878,9.22889791597
49.2465149291,74.9026750593,-17.5368051664,9.26293121278
49.2253130678,74.8773429898,-16.3782656092,9.29899327053
48.8298692035,75.0938502884,-23.8987098822,9.33653856621
49.1093018654,74.9992620367,-20.9913388773,9.37284352789
49.379519132,74.9940792394,-17.660614121,9.41007718498
48.6957691424,75.0147004304,-23.6260128176,9.44339763186
49.4955613782,74.8307830553,-0.00368324770391,9.4813783507
49.4956613782,74.8308830553,-0.00378324770391,9.51574474623
49.53905672,74.9310001316,-12.0682728452,9.55481122384
49.1332061627,74.908478289,-18.52919413,9.59071124197
49.0659100745,75.0248172598,-20.8936433744,9.62304047911
48.9095374229,75.0163822048,-22.0007594936,9.65957279389
49.1723700773,74.8323944792,-17.9039472122,9.69637289391
48.8985105487,75.087393158,-22.5346086957,9.73312882959
49.1891087694,75.0047290729,-19.4243805862,9.76644523325
49.0261290423,74.873746749,-19.7765680904,9.80284940921
49.1329601819,75.0536124418,-19.7635705033,9.83960472285
49.1177438242,74.9978420334,-18.9811412131,9.87618026892
49.1605380636,74.9169050858,-18.4719029564,9.9129589088
48.8966302381,75.0089596874,-22.048831208,9.9473358789
48.7061875383,74.9638122116,-22.983332387,9.98313481665
49.5396628954,74.8928126321,0.0190262285539,10.0214959087
49.5397628954,74.8929126321,0.0189262285539,10.0563241638
49.1513186699,74.9167746649,19.5611001498,10.0967410753
49.4679331451,74.7636565397,0.00981673293634,10.1290133964
49.4680331451,74.7637565397,0.00971673293634,10.163023678
49.4681331451,74.7638565397,0.00961673293634,10.1996760452
48.9758665795,74.9894584604,-21.8638831385,10.241040002
49.3777432266,74.8638281606,-13.1565701177,10.271336746
48.8155806869,74.8351266521,-21.5715815189,10.3080699775
49.174183292,74.8737170417,-17.8500178437,10.3439833693
49.4680270346,74.8169147554,0.0647987215187,10.3817812104
49.4681270346,74.8170147554,0.0646987215187,10.4165584588
49.4682270346,74.8171147554,0.0645987215187,10.4499743878
49.2525846519,74.833283111,16.4517650575,10.4910220408
49.1194652204,74.8322143038,18.0116706218,10.5236402123
49.1847667827,74.9189995281,18.1916549589,10.560226955
49.360340612,74.6566814395,-0.0320161026602,10.5984630184
48.4590077202,74.9959782731,25.8288474673,10.6339966591
48.4928937597,74.9891226881,25.0589932639,10.6669361107
48.471583426,75.0572538035,25.1326630695,10.7034855314
48.7337575817,74.9998439615,23.2376907068,10.7404635328
49.5555073646,74.9501000204,0.00190593960035,10.7765402084
48.9295949317,75.0271777563,-22.587349415,10.8135608191
49.5567912378,74.9226026928,-7.69949647625,10.8491065894
49.4851433331,74.8970497237,0.0032014717573,10.8848594967
49.4852433331,74.8971497237,0.0031014717573,10.9203228476
48.8391944818,75.0981497486,-22.9350024034,10.9579533618
48.6989860093,75.0430254322,-23.8995054135,10.9907752492
49.3208188268,74.9256197303,-15.7432187264,11.0282589636
49.2320767094,75.1354758184,-20.4352877118,11.0642345587
48.6792182776,75.0672512813,-24.0894500942,11.1013857964
49.1532658859,74.9197036271,-18.9447713434,11.1344844885
49.1702177286,74.9771471609,-19.5166671747,11.1707378214
49.1897826483,74.9662182217,-19.631480346,11.2074393292
48.7306220877,74.9873917644,-23.7099841208,11.2446938244
48.87933225,75.0170606981,-23.0402701656,11.2808538524
49.5354984486,74.7741035628,0.00782894279061,11.3164702234
49.5355984486,74.7742035628,0.00772894279061,11.3506453438
49.5356984486,74.7743035628,0.00762894279061,11.3873770202
49.5357984486,74.7744035628,0.00752894279061,11.4241855176
49.5358984486,74.7745035628,0.00742894279061,11.4576250839
49.5359984486,74.7746035628,0.00732894279061,11.4775052616
49.5360984486,74.7747035628,0.00722894279061,11.5141840652
49.5361984486,74.7748035628,0.00712894279061,11.5475250392
49.5362984486,74.7749035628,0.00702894279061,11.5842150393
49.5363984486,74.7750035628,0.00692894279061,11.6209849707
49.5364984486,74.7751035628,0.00682894279061,11.6576833684
49.5365984463,74.7752035701,0.199001277726,11.6944237532
48.9644584181,74.9765996155,21.4541314593,11.7365080244
49.1746636638,74.9966157984,20.4455835457,11.7649853216
49.1339864603,75.0051293513,20.9068564996,11.8013160976
49.0747773712,75.0075774579,22.2392697447,11.8381326815
49.3788461683,74.8221324585,15.0723219819,11.8756978823
49.5964665848,74.7676204144,-0.0102274839787,11.9094413116
49.5965665848,74.7677204144,-0.0103274839787,11.9449494489
49.5966665848,74.7678204144,-0.0104274839787,11.9814049426
49.5967665848,74.7679204144,-0.0105274839787,12.0179829768
49.5968665848,74.7680204144,-0.0106274839787,12.0514063702
49.5969665848,74.7681204144,-0.0107274839787,12.0713359996
49.5970665848,74.7682204144,-0.0108274839787,12.1081009547
49.5971665848,74.7683204144,-0.0109274839787,12.1414888922
49.5972665848,74.7684204144,-0.0110274839787,12.1782152813
49.5973665848,74.7685204144,-0.0111274839787,12.2148934628
49.5974665848,74.7686204144,-0.0112274839787,12.2515903054
49.5975665848,74.7687204144,-0.0113274839787,12.2883051869
49.5976665848,74.7688204144,-0.0114274839787,12.3215789813
49.5977665848,74.7689204144,-0.0115274839787,12.3583087915
49.5978665848,74.7690204144,-0.0116274839787,12.3950491764
49.5979665848,74.7691204144,-0.0117274839787,12.4322221852
49.5980665848,74.7692204144,-0.0118274839787,12.4686164087
49.5981665848,74.7693204144,-0.0119274839787,12.5017885007
49.5982665848,74.7694204144,-0.0120274839787,12.5384657491
49.5983665848,74.7695204144,-0.0121274839787,12.5752860652
49.5984665848,74.7696204144,-0.0122274839787,12.6118280215
49.5985665848,74.7697204144,-0.0123274839787,12.6452371081
49.5986665848,74.7698204144,-0.0124274839787,12.6654793092
49.5987665848,74.7699204144,-0.0125274839787,12.7019693257
49.5988665848,74.7700204144,-0.0126274839787,12.7353777902
49.5989665848,74.7701204144,-0.0127274839787,12.7719371635
49.5990665848,74.7702204144,-0.0128274839787,12.8087820499
49.5991665848,74.7703204144,-0.0129274839787,12.8454079806
49.5992665848,74.7704204144,-0.0130274839787,12.8821701366
49.5993665848,74.7705204144,-0.0131274839787,12.9154734776
49.5994665848,74.7706204144,-0.0132274839787,12.9522154175
49.5995665848,74.7707204144,-0.0133274839787,12.9889163033
49.5996665848,74.7708204144,-0.0134274839787,13.0256125238
49.5997665848,74.7709204144,-0.0135274839787,13.0624042263
49.5998665848,74.7710204144,-0.0136274839787,13.0956441199
49.5999665848,74.7711204144,-0.0137274839787,13.132368954
49.6000665848,74.7712204144,-0.0138274839787,13.1691805616
49.6001665848,74.7713204144,-0.0139274839787,13.2058531448
49.6002665848,74.7714204144,-0.0140274839787,13.2391897646
49.6003665848,74.7715204144,-0.0141274839787,13.2592556192
49.6004665848,74.7716204144,-0.0142274839787,13.2957838908
49.6005665848,74.7717204144,-0.0143274839787,13.3293522178
49.6006665848,74.7718204144,-0.0144274839787,13.349484008
49.6007665848,74.7719204144,-0.0145274839787,13.3859357695
49.6008665848,74.7720204144,-0.0146274839787,13.4194515348
49.6009665848,74.7721204144,-0.0147274839787,13.4561629951
49.6010665848,74.7722204144,-0.0148274839787,13.4927236123
49.6011665848,74.7723204144,-0.0149274839787,13.5294950988
49.6012665848,74.7724204144,-0.0150274839787,13.5661446669
49.6013665848,74.7725204144,-0.0151274839787,13.599544734
49.6014665848,74.7726204144,-0.0152274839787,13.6361103275
49.6015665848,74.7727204144,-0.0153274839787,13.6729996893
49.6016665848,74.7728204144,-0.0154274839787,13.7097039962
49.6017665848,74.7729204144,-0.0155274839787,13.7463840439
49.6018665848,74.7730204144,-0.0156274839787,13.7797741584
49.6019665848,74.7731204144,-0.0157274839787,13.8163885816
49.6020665848,74.7732204144,-0.0158274839787,13.8532511959
49.6021665848,74.7733204144,-0.0159274839787,13.8898662411
49.6022665848,74.7734204144,-0.0160274839787,13.923148433
49.6023665778,74.7735204212,0.0853150545764,13.9434142712
49.6024665778,74.7736204212,0.0852150545764,13.9798013413
49.6025665778,74.7737204212,0.0851150545764,14.0132200694
49.6026665778,74.7738204212,0.0850150545764,14.0499169119
49.6027665778,74.7739204212,0.0849150545764,14.0866464112
49.6028665778,74.7740204212,0.0848150545764,14.1232950462
49.6029665778,74.7741204212,0.0847150545764,14.1599729167
49.6030665778,74.7742204212,0.0846150545764,14.1933123356
49.6031665778,74.7743204212,0.0845150545764,14.2301466474
49.6032665778,74.7744204212,0.0844150545764,14.2667781765
49.6033665778,74.7745204212,0.0843150545764,14.3034952351
49.6034665778,74.7746204212,0.0842150545764,14.340200164
49.6035665778,74.7747204212,0.0841150545764,14.3735395829
49.6036665778,74.7748204212,0.0840150545764,14.4102986288
49.6037665778,74.7749204212,0.0839150545764,14.4470265729
49.6038665778,74.7750204212,0.0838150545764,14.4837654027
49.6039665778,74.7751204212,0.0837150545764,14.5203807589
49.6040665778,74.7752204212,0.0836150545764,14.5536915643
49.6041665778,74.7753204212,0.0835150545764,14.5905296083
49.6042665778,74.7754204212,0.0834150545764,14.6271959712
49.6043665778,74.7755204212,0.0833150545764,14.6637991978
49.6044665778,74.7756204212,0.0832150545764,14.6973348681
49.6045665778,74.7757204212,0.0831150545764,14.7338587854
49.6046665778,74.7758204212,0.0830150545764,14.7706063237
49.6047665778,74.7759204212,0.0829150545764,14.8072468722
49.6048665778,74.7760204212,0.0828150545764,14.8439524232
49.6049665778,74.7761204212,0.0827150545764,14.8772582523
49.6050665778,74.7762204212,0.0826150545764,14.91412802
49.6051665778,74.7763204212,0.0825150545764,14.9508444566
49.6052665778,74.7764204212,0.0824150545764,14.9874943356
49.6053665778,74.7765204212,0.0823150545764,15.0241666078
49.6054665778,74.7766204212,0.0822150545764,15.0574568861
49.6055665778,74.7767204212,0.0821150545764,15.0942246404
49.6056665778,74.7768204212,0.0820150545764,15.1310045244
49.6057665778,74.7769204212,0.0819150545764,15.1677293584
49.6058665778,74.7770204212,0.0818150545764,15.2010762417
49.6059665778,74.7771204212,0.0817150545764,15.2210484803
49.6060665778,74.7772204212,0.0816150545764,15.2576768992
49.6061665778,74.7773204212,0.0815150545764,15.291089718
49.6062665778,74.7774204212,0.0814150545764,15.3276851691
49.6063665778,74.7775204212,0.0813150545764,15.364407826
49.6064665778,74.7776204212,0.0812150545764,15.4012897234
49.6065665778,74.7777204212,0.0811150545764,15.4378711788
49.6066665778,74.7778204212,0.0810150545764,15.4711689215
49.6067665778,74.7779204212,0.0809150545764,15.5078922004
49.6068665778,74.7780204212,0.0808150545764,15.5446114361
49.6069665778,74.7781204212,0.0807150545764,15.5813204083
49.6070665778,74.7782204212,0.0806150545764,15.6181385473
49.6071665778,74.7783204212,0.0805150545764,15.6513722206
49.6072665778,74.7784204212,0.0804150545764,15.6883368483
49.6073665778,74.7785204212,0.0803150545764,15.7248371284
49.6074665778,74.7786204212,0.0802150545764,15.7615868438
49.6075665778,74.7787204212,0.0801150545764,15.7948550399
49.6076665778,74.7788204212,0.0800150545764,15.8149585275
49.6077665778,74.7789204212,0.0799150545764,15.8516970462
49.6078665778,74.7790204212,0.0798150545764,15.885071299
49.6079665778,74.7791204212,0.0797150545764,15.9050463368
49.6080665778,74.7792204212,0.0796150545764,15.9417344709
49.6081665778,74.7793204212,0.0795150545764,15.9750941058
49.6082665778,74.7794204212,0.0794150545764,16.011652235
49.6083665778,74.7795204212,0.0793150545764,16.0484451816
49.6084665778,74.7796204212,0.0792150545764,16.0852611435
49.6085665778,74.7797204212,0.0791150545764,16.1218345124
49.6086665778,74.7798204212,0.0790150545764,16.1551375424
49.6087665778,74.7799204212,0.0789150545764,16.1918990764
49.6088665778,74.7800204212,0.0788150545764,16.2286864247
49.6089665778,74.7801204212,0.0787150545764,16.2653070682
49.6090665778,74.7802204212,0.0786150545764,16.3021000148
49.6091665778,74.7803204212,0.0785150545764,16.3353529711
49.6092665778,74.7804204212,0.0784150545764,16.3720871356
49.6093665778,74.7805204212,0.0783150545764,16.4088349849
49.6094665778,74.7806204212,0.0782150545764,16.4456347739
49.6095665778,74.7807204212,0.0781150545764,16.4821618014
49.6096665778,74.7808204212,0.0780150545764,16.5155357431
49.6097665778,74.7809204212,0.0779150545764,16.5523230915
49.6098665778,74.7810204212,0.0778150545764,16.5890479255
49.6099665778,74.7811204212,0.0777150545764,16.6256349792
49.6100665778,74.7812204212,0.0776150545764,16.6591271072
49.6101665778,74.7813204212,0.0775150545764,16.6957238024
49.6102665778,74.7814204212,0.0774150545764,16.7325189261
49.6103665778,74.7815204212,0.0773150545764,16.7692673974
49.6104665778,74.7816204212,0.0772150545764,16.8058137079
49.6105665778,74.7817204212,0.0771150545764,16.8392019564
49.6106665778,74.7818204212,0.0770150545764,16.8758356626
49.6107665778,74.7819204212,0.0769150545764,16.9126304753
49.6108665778,74.7820204212,0.0768150545764,16.9494840702
49.6109665778,74.7821204212,0.0767150545764,16.9860770332
49.6110665778,74.7822204212,0.0766150545764,17.0194487978
49.6111665778,74.7823204212,0.0765150545764,17.0561067633
49.6112665778,74.7824204212,0.0764150545764,17.0928275541
49.6113665778,74.7825204212,0.0763150545764,17.1296021507
49.6114665778,74.7826204212,0.0762150545764,17.166124513
49.6115665778,74.7827204212,0.0761150545764,17.1996085546
49.6116665778,74.7828204212,0.0760150545764,17.236302598
49.6117665778,74.7829204212,0.0759150545764,17.273065376
49.6118665778,74.7830204212,0.0758150545764,17.309676689
49.6119665778,74.7831204212,0.0757150545764,17.3430313477
49.6120665778,74.7832204212,0.0756150545764,17.3629899016
49.6121665778,74.7833204212,0.0755150545764,17.3997358847
49.6122665778,74.7834204212,0.0754150545764,17.4331427942
49.6123665778,74.7835204212,0.0753150545764,17.4699851925
49.6124665778,74.7836204212,0.0752150545764,17.5065212395
49.6125665778,74.7837204212,0.0751150545764,17.5432137278
49.6126665778,74.7838204212,0.0750150545764,17.579942294
49.6127665778,74.7839204212,0.0749150545764,17.6132207536
49.6128665778,74.7840204212,0.0748150545764,17.6501175798
49.6129665778,74.7841204212,0.0747150545764,17.6867313809
49.6130665778,74.7842204212,0.0746150545764,17.7234070743
49.6131665778,74.7843204212,0.0745150545764,17.7600992516
49.6132665778,74.7844204212,0.0744150545764,17.7934358713
49.6133665778,74.7845204212,0.0743150545764,17.8302704942
49.6134665778,74.7846204212,0.0742150545764,17.8669707579
49.6135665778,74.7847204212,0.0741150545764,17.9035630989
49.6136665778,74.7848204212,0.0740150545764,17.9371746573
49.6137665778,74.7849204212,0.0739150545764,17.957205056
49.6138665778,74.7850204212,0.0738150545764,17.9936005235
49.6139665778,74.7851204212,0.0737150545764,18.0270478651
49.6140665778,74.7852204212,0.0736150545764,18.0469967776
49.6141665778,74.7853204212,0.0735150545764,18.083691443
49.6142665778,74.7854204212,0.0734150545764,18.1171518473
49.6143665778,74.7855204212,0.0733150545764,18.1537895967
49.6144665778,74.7856204212,0.0732150545764,18.1905710357
49.6145665778,74.7857204212,0.0731150545764,18.2272293122
49.6146665778,74.7858204212,0.0730150545764,18.2640051529
49.6147665778,74.7859204212,0.0729150545764,18.2973116041
49.6148665778,74.7860204212,0.0728150545764,18.3339673924
49.6149665778,74.7861204212,0.0727150545764,18.3707936178
49.6150665778,74.7862204212,0.0726150545764,18.4074531384
49.6151665778,74.7863204212,0.0725150545764,18.4440967971
49.6152665778,74.7864204212,0.0724150545764,18.4774953091
49.6153665778,74.7865204212,0.0723150545764,18.5142086355
49.6154665778,74.7866204212,0.0722150545764,18.5509655042
49.6155665778,74.7867204212,0.0721150545764,18.5877173967
49.6156665778,74.7868204212,0.0720150545764,18.6243112927
49.6157665778,74.7869204212,0.0719150545764,18.657563005
49.6158665778,74.7870204212,0.0718150545764,18.6944162888
49.6159665778,74.7871204212,0.0717150545764,18.7310804746
49.6160665778,74.7872204212,0.0716150545764,18.7677841595
49.6161665778,74.7873204212,0.0715150545764,18.8013947848
49.6162665778,74.7874204212,0.0714150545764,18.8213897277
49.6163665778,74.7875204212,0.0713150545764,18.8578987162
49.6164665778,74.7876204212,0.0712150545764,18.891179042
49.6165665778,74.7877204212,0.0711150545764,18.9112682228
49.6166665778,74.7878204212,0.0710150545764,18.9479849704
49.6167665778,74.7879204212,0.0709150545764,18.9812656072
49.6168665778,74.7880204212,0.0708150545764,19.0179817328
49.6169665778,74.7881204212,0.0707150545764,19.0547715692
49.6170665778,74.7882204212,0.0706150545764,19.0914792973
49.6171665778,74.7883204212,0.0705150545764,19.1280165884
49.6172665778,74.7884204212,0.0704150545764,19.1614748156
49.6173665778,74.7885204212,0.0703150545764,19.1984310459
49.6174665778,74.7886204212,0.0702150545764,19.2349434556
49.6175665778,74.7887204212,0.0701150545764,19.2717556853
49.6176665778,74.7888204212,0.0700150545764,19.3082942204
49.6177665778,74.7889204212,0.0699150545764,19.3415558852
49.6178665778,74.7890204212,0.0698150545764,19.3782978251
49.6179665778,74.7891204212,0.0697150545764,19.4150736658
49.6180665778,74.7892204212,0.0696150545764,19.4518289795
49.6181665778,74.7893204212,0.0695150545764,19.4885370186
49.6182665778,74.7894204212,0.0694150545764,19.5218129901
49.6183665778,74.7895204212,0.0693150545764,19.5585325368
49.6184665778,74.7896204212,0.0692150545764,19.5952704336
49.6185665778,74.7897204212,0.0691150545764,19.6319619888
49.6186665778,74.7898204212,0.0690150545764,19.6653091831
49.6187665778,74.7899204212,0.0689150545764,19.6853464242
49.6188665778,74.7900204212,0.0688150545764,19.7220899192
49.6189665778,74.7901204212,0.0687150545764,19.7554299602
49.6190665778,74.7902204212,0.0686150545764,19.7754852402
49.6191665778,74.7903204212,0.0685150545764,19.8120632745
49.6192665778,74.7904204212,0.0684150545764,19.8455025297
49.6193665778,74.7905204212,0.0683150545764,19.8656156588
49.6194665778,74.7906204212,0.0682150545764,19.9022036455
49.6195665778,74.7907204212,0.0681150545764,19.9356021576
49.6196665778,74.7908204212,0.0680150545764,19.9723223264
49.6197665778,74.7909204212,0.0679150545764,20.0090897696
49.6198665778,74.7910204212,0.0678150545764,20.0457122792
49.6199665778,74.7911204212,0.0677150545764,20.0825114462
49.6200665778,74.7912204212,0.0676150545764,20.1156962899
49.6201665778,74.7913204212,0.0675150545764,20.1524307654
49.6202665778,74.7914204212,0.0674150545764,20.1893446975
49.6203665778,74.7915204212,0.0673150545764,20.2259734274
49.6204665778,74.7916204212,0.0672150545764,20.2626593843
49.6205665778,74.7917204212,0.0671150545764,20.295975166
49.6206665778,74.7918204212,0.0670150545764,20.3327348338
49.6207665778,74.7919204212,0.0669150545764,20.3695168949
49.6208665778,74.7920204212,0.0668150545764,20.4062115603
49.6209665778,74.7921204212,0.0667150545764,20.4427401429
49.6210665778,74.7922204212,0.0666150545764,20.4762216963
49.6211665778,74.7923204212,0.0665150545764,20.5129533727
49.6212665778,74.7924204212,0.0664150545764,20.5497416541
49.6213665778,74.7925204212,0.0663150545764,20.5862534418
49.6214665778,74.7926204212,0.0662150545764,20.6197623647
49.6215665778,74.7927204212,0.0661150545764,20.6398182668
49.6216665778,74.7928204212,0.0660150545764,20.6763188579
49.6217665778,74.7929204212,0.0659150545764,20.7099618289
49.6218665778,74.7930204212,0.0658150545764,20.7297782483
49.6219665778,74.7931204212,0.0657150545764,20.7664570519
49.6220665778,74.7932204212,0.0656150545764,20.7998648944
49.6221665778,74.7933204212,0.0655150545764,20.8197693315
49.6222665778,74.7934204212,0.0654150545764,20.8565666323
49.6223665778,74.7935204212,0.0653150545764,20.8900481858
49.6224665778,74.7936204212,0.0652150545764,20.9266035158
49.6225665778,74.7937204212,0.0651150545764,20.963443737
49.6226665778,74.7938204212,0.0650150545764,21.0001247176
49.6227665778,74.7939204212,0.0649150545764,21.0367733526
49.6228665778,74.7940204212,0.0648150545764,21.0701270783
49.6229665778,74.7941204212,0.0647150545764,21.1067564302
49.6230665778,74.7942204212,0.0646150545764,21.1435888759
49.6231665778,74.7943204212,0.0645150545764,21.1802088974
49.6232665778,74.7944204212,0.0644150545764,21.2170883066
49.6233665778,74.7945204212,0.0643150545764,21.2503686324
49.6234665778,74.7946204212,0.0642150545764,21.2868779319
49.6235665778,74.7947204212,0.0641150545764,21.3236624811
49.6236665778,74.7948204212,0.0640150545764,21.3603431508
49.6237665778,74.7949204212,0.0639150545764,21.3937680992
49.6238665778,74.7950204212,0.0638150545764,21.4137154566
49.6239665778,74.7951204212,0.0637150545764,21.4505895785
49.6240665778,74.7952204212,0.0636150545764,21.4839233991
49.6241665778,74.7953204212,0.0635150545764,21.5039304716
49.6242665778,74.7954204212,0.0634150545764,21.5406562387
49.6243665778,74.7955204212,0.0633150545764,21.5739486941
49.6244665778,74.7956204212,0.0632150545764,21.5939585658
49.6245665778,74.7957204212,0.0631150545764,21.6306833998
49.6246665778,74.7958204212,0.0630150545764,21.6639665247
49.6247665778,74.7959204212,0.0629150545764,21.7007859077
49.6248665778,74.7960204212,0.0628150545764,21.7374304995
49.6249665778,74.7961204212,0.0627150545764,21.774127031
49.6250665778,74.7962204212,0.0626150545764,21.810775977
