191.985109134,119.070979011,107.508256056,0.0421547874455
192.247837854,119.141270951,107.545860221,0.0809141639364
192.565751134,119.270862506,107.565829517,0.125145013315
192.556864198,119.217262732,107.507572593,0.166665007891
192.468155654,119.077242514,107.488100669,0.21076367355
192.407811934,119.062438569,107.454046484,0.252138732567
192.142372819,118.900332445,107.40579612,0.293679876537
191.809757681,118.782937544,107.415006968,0.337870293249
191.869938607,118.9683894,107.470603741,0.379338658419
192.029682791,119.044643113,107.458876356,0.420731134584
191.971643227,119.017906354,107.448459427,0.44431426508
192.015677901,119.040605644,107.48486614,0.485930364995
192.117250952,119.019861485,107.496461534,0.527334037898
192.133898996,118.984307513,107.478435735,0.571480911738
192.034931161,118.838157944,107.465136959,0.613047559391
192.051415247,118.893722764,107.450319387,0.657231755692
192.220491268,118.728608376,107.437111288,0.698831993561
192.256244636,118.602784335,107.416798218,0.740225402787
192.342218325,118.763912562,107.464399225,0.784559510976
192.444822605,118.849512525,107.480824925,0.826007348793
192.430916603,119.058881349,107.458334218,0.870267123079
192.639919915,119.079367726,107.456948824,0.911685102926
192.910493558,119.165888677,107.502059669,0.953221270569
192.800092256,119.098550927,107.506893224,0.997399246459
192.835756694,118.998657437,107.529433823,1.03889653654
192.616962933,118.97034826,107.528076373,1.08020721431
192.554455364,118.836042628,107.50444223,1.1246050817
192.194842446,118.732847119,107.511864214,1.16604327788
192.013140597,118.581431282,107.492526002,1.21025173378
192.059968278,118.822215987,107.517972277,1.25172569732
192.248725132,119.044801813,107.545071696,1.29345283156
192.415926833,119.360400471,107.589087202,1.33750235598
192.451875692,119.293083529,107.569728443,1.37881147865
192.585389583,119.267625329,107.568258448,1.42314340969
192.594076553,119.264412521,107.566587639,1.46447772502
192.503587918,119.246911011,107.523835031,1.50598496776
192.35270808,119.119195674,107.534404454,1.55020990775
192.421109575,119.006637666,107.571337292,1.591618868
192.450595851,118.955940342,107.540207437,1.63324647567
192.620646814,119.253813593,107.629390697,1.67741480993
192.387599798,119.225646588,107.604781952,1.71898736697
192.197997762,119.065993458,107.572814451,1.76318773634
192.166969108,118.995469946,107.511146092,1.80463526313
192.066194845,118.95904932,107.516660865,1.84610269524
192.161122917,118.923019752,107.567896728,1.89034754054
192.37045063,118.962947157,107.599846237,1.93179911061
192.299940028,118.935324726,107.583117601,1.97600974365
192.039062384,118.82337547,107.583275324,2.01751325414
191.937020036,118.647181876,107.576379946,2.05901956381
191.850940048,118.782450844,107.562861982,2.10342178549
192.181461131,118.84084446,107.593642394,2.14475236858
192.192706447,118.940966712,107.535140953,2.18633301215
192.403356889,118.877606622,107.50219256,2.23045562639
192.296974147,118.88122258,107.526246983,2.27183192949
192.366836663,118.840403707,107.516527532,2.31621269076
192.302614282,118.863572549,107.568279917,2.35759521427
192.186400064,118.737150875,107.576851186,2.39895814348
192.062005333,118.879413497,107.558828209,2.44336129822
192.172970404,118.896287046,107.466113808,2.48485081279
192.375747167,118.922823633,107.456478367,2.52895569886
192.412903155,119.057712664,107.454931823,2.57051239386
192.225783131,119.088571764,107.410704774,2.61187998838
192.14932808,119.061450975,107.41384417,2.65609746388
192.204072879,119.189744149,107.458835949,2.69760626171
192.176456758,119.272625389,107.463567851,2.73897914359
192.367800383,119.243021632,107.565546752,2.78333191301
192.589774945,119.317373173,107.569837152,2.82488611984
192.5386736,119.346315943,107.551439355,2.86903672592
192.426713485,119.196641448,107.54731265,2.91050104783
192.47751463,119.197583361,107.535397661,2.95189290195
192.301018482,118.988305953,107.50785802,2.9961536093
192.533052558,119.149422802,107.552084134,3.03775322513
192.263793957,119.129733223,107.514362832,3.08191813816
192.026131273,119.231384249,107.52680781,3.12344342008
192.18689714,119.173325897,107.587652593,3.16496901303
192.045569906,118.933431759,107.540072496,3.20910095788
192.069928226,118.829979809,107.519197493,3.25052142589
192.298139605,118.855763238,107.509058286,3.29220315114
192.373282604,118.936443104,107.505030649,3.3362564078
192.324201754,118.850211012,107.543981628,3.37776582768
192.18220565,118.850183531,107.538970092,3.42201316114
192.190104148,118.867548092,107.550361607,3.46321218255
192.013088827,118.977516796,107.569661679,3.50487991187
192.014882066,119.002238744,107.530248281,3.54901714407
191.921014411,119.232214525,107.51215521,3.59056419743
192.059556419,119.22203731,107.468872862,3.63477700762
191.836220291,119.135648977,107.42219635,3.67625563647
191.770488195,118.949978062,107.402617763,3.71776350125
191.90253823,118.844157375,107.368214439,3.76205437758
191.707962754,118.669902599,107.314773456,3.80351527826
191.826319422,118.789969508,107.371620164,3.84783414644
191.919415753,118.583831327,107.360853794,3.88930313366
191.768475007,118.361705704,107.377625174,3.93073044412
191.964811371,118.413013563,107.41835153,3.97491059715
191.942986884,118.688073885,107.429895803,4.01636310028
191.977652649,118.686586247,107.425458141,4.0576594711
191.754451377,118.376808863,107.415084938,4.10216775078
191.696218072,118.387685652,107.41846396,4.14355214041
191.413464306,118.455514737,107.462517447,4.18778174571
191.685315349,118.582719707,107.445491791,4.22925166598
191.909791781,118.581400339,107.405683981,4.27068115359
191.822102504,118.717721603,107.481489152,4.31507591078
191.892122796,118.712496813,107.455312258,4.35636823834
191.654002916,118.475443471,107.390973121,4.40077294818
191.857808538,118.808328923,107.421575498,4.4421511174
192.249749373,119.050166053,107.426696361,4.48365742708
192.432262325,119.170734682,107.405205375,4.52797411812
192.401066413,119.19622525,107.400954471,4.56923783179
192.450111521,119.228183368,107.440241918,4.61081101087
192.4706834,119.349252366,107.401287265,4.65501293534
192.594116809,119.446444737,107.36124013,4.69643589152
192.344555412,119.396724588,107.318921245,4.7408244283
192.300742082,119.305868186,107.319665386,4.78226013631
192.163618553,119.210127241,107.354101285,4.82355681816
192.273891935,119.276376606,107.400697315,4.86787661941
192.201920516,119.181394799,107.408023456,4.90940656664
191.802280486,118.790394316,107.353088689,4.95366074256
191.7315257,118.807377357,107.348458229,4.99497888482
191.459722006,118.799512482,107.324404293,5.03656761493
191.686188241,118.733378338,107.410399533,5.080809039
191.833329795,118.874966255,107.447760315,5.1222686956
191.814639943,118.827669269,107.420560645,5.166621154
191.861000698,118.805379724,107.3951856,5.20792716646
192.145030322,118.903440699,107.442489658,5.24945182634
192.244758694,118.856319751,107.524881508,5.29427050449
192.431562854,118.995273357,107.518610623,5.33567044515
192.094846538,119.161380863,107.50617225,5.37674754651
192.219761871,119.241024535,107.499634623,5.42097466365
192.282409987,119.186285979,107.473577597,5.4623351047
192.400513897,119.334574783,107.476449381,5.50663251247
192.514676398,119.364435013,107.469648769,5.54806106701
192.570783528,119.310611619,107.49339749,5.58944732277
192.388621213,119.358322062,107.483024213,5.63387940242
192.284249889,119.192762668,107.486998055,5.6752463749
192.069829516,119.146470749,107.377212483,5.71672718089
192.218945272,119.023302781,107.41778544,5.76096362864
192.409774701,119.414465843,107.437874911,5.80232095949
192.601939776,119.560806581,107.515702141,5.84662303256
192.338946338,119.303496569,107.479501042,5.88802141812
192.145674426,119.185850123,107.444963143,5.92954079065
192.138789321,119.390043211,107.451435745,5.97380118698
192.192958858,119.38268769,107.501752475,6.0152247652
192.083752411,119.394389923,107.540381131,6.05955794032
191.983855546,119.072869145,107.516110425,6.10091433811
192.024410363,119.166707642,107.542057957,6.14239452206
191.87144639,119.062309187,107.53419103,6.1866415445
191.687714814,118.931840906,107.498358027,6.22827692769
191.915543121,119.074755564,107.504314971,6.26959040464
192.044217976,119.153767936,107.521018436,6.31389341078
192.202137474,119.120406773,107.493054931,6.35542211393
192.410266541,119.226242145,107.516540945,6.39950864979
192.372179922,119.22654467,107.514093935,6.44090237004
192.238777422,118.948881339,107.49845916,6.48244693523
192.103486639,119.028626594,107.537224366,6.52672132749
192.237669489,119.162387605,107.571415316,6.56816854326
192.344777242,119.209077246,107.546984539,6.6125701429
192.550959852,119.490334081,107.592809837,6.65405654726
192.397374347,119.228351348,107.567136736,6.69546301935
192.557089349,119.514395997,107.538019957,6.73953680337
192.500320504,119.480349068,107.487037797,6.78101232201
192.578779111,119.207287923,107.48435968,6.8225173876
192.225637783,118.89459036,107.425764955,6.8667454378
192.021887599,118.8260177,107.416344695,6.90823588542
192.314690644,118.87019594,107.469250887,6.95244029806
192.45035272,118.824549978,107.510056846,6.99401627633
192.235828368,118.699123703,107.469803773,7.03544918516
192.264499467,118.882971588,107.481649944,7.07970429414
192.278700155,118.849487136,107.508065791,7.12115337603
192.470826083,118.937213308,107.48093588,7.16542745726
192.453896115,118.873997682,107.46871918,7.20679194158
192.510208565,119.095047845,107.459654955,7.24825812961
192.602335544,119.251142188,107.45509565,7.29272224437
192.532464025,119.23146309,107.454266966,7.33440614676
192.61335523,119.04054294,107.467139631,7.37825599601
192.316493276,118.934206795,107.435367706,7.41972156199
192.278484268,118.78437133,107.461847617,7.46120578921
192.026753224,118.583232655,107.474878329,7.50545623288
191.744241179,118.323833593,107.471436747,7.54703936462
191.619748123,118.244110189,107.453960993,7.58830121217
191.818063581,118.457563401,107.47488057,7.63273515795
192.028784631,118.581563748,107.480086939,7.67408222512
192.312230467,118.719391663,107.49112799,7.71836066063
192.155986083,118.524729228,107.468009137,7.75983928948
192.148963173,118.710840723,107.451706094,7.80127157627
191.974733038,118.862991909,107.469757826,7.84557707057
192.183521246,118.710605686,107.51616866,7.88696394837
191.919397878,118.600194317,107.484577075,7.93126508838
191.838698116,118.652755678,107.446624966,7.97263299393
191.92213122,118.826788892,107.442119208,8.01428517222
191.946712128,118.718443617,107.420838701,8.05848771873
192.057399181,118.544650292,107.442990936,8.09989636796
192.241003373,118.631887554,107.453902296,8.1413308319
192.43970018,118.656527175,107.406268513,8.18567955805
192.293970422,118.503439595,107.388000472,8.22708291994
192.360423345,118.677556802,107.487797992,8.27124969909
192.558317037,118.878909847,107.514881554,8.31275445366
192.377402404,118.853217798,107.499801344,8.35419638208
192.768912027,118.853489587,107.495673353,8.39858709601
192.826308654,119.026040937,107.482217871,8.43999325708
192.937438959,119.071444894,107.48750431,8.48421104359
193.118904308,119.071329151,107.53085001,8.52565141692
193.192937984,119.001118343,107.48071196,8.56702274369
193.145253612,119.027554524,107.45661555,8.61129900206
192.834177799,118.855767296,107.386078152,8.65275243825
192.657094388,118.873473126,107.386189046,8.69418939034
192.45450849,118.973177043,107.408181087,8.73854153772
192.409778571,118.849020769,107.409191538,8.77991255347
192.504316593,118.936566188,107.472473576,8.82434929843
192.374009706,118.666332253,107.451757335,8.86584814361
192.565429633,118.601153812,107.451179758,8.90722973406
192.376530295,118.211117846,107.405511622,8.95144876466
192.228726288,118.471551737,107.433182701,8.99286083511
192.494786611,118.847189442,107.475436706,9.03712465267
192.623462261,118.938605297,107.466874055,9.07861136805
192.553671811,119.060561986,107.425398662,9.12010616996
192.285158278,119.043709286,107.374362496,9.16436158996
192.477417296,119.084536374,107.376096143,9.20582000248
192.558961541,119.026218375,107.374011306,9.25011305596
192.612079748,118.966455869,107.426840443,9.29164953462
192.564162978,118.727484007,107.468680968,9.333302957
192.230328478,118.530953215,107.40823975,9.37718732952
192.593833034,118.665224193,107.426549173,9.41860406529
192.358915959,118.458331032,107.440611137,9.4601078868
192.283321296,118.296757603,107.414378056,9.50437419251
192.204285128,118.69076611,107.401725177,9.54588205729
192.118309203,118.731756862,107.389967669,9.59005567889
192.145197262,118.899603101,107.388710843,9.63150538283
192.21344649,119.0615219,107.452359789,9.67299116515
192.297105324,119.087644301,107.441394486,9.7173974301
192.291507116,118.860866476,107.427826051,9.7586766948
192.313863298,118.793086434,107.376159339,9.80309197934
192.335424343,118.928807494,107.33973389,9.84446019591
192.265256501,118.723163907,107.327156202,9.88597832436
192.338391185,118.828423804,107.301614532,9.93016531984
192.120293945,118.653600591,107.30124323,9.97162964175
192.337383982,118.543053347,107.328412324,10.0130513538
192.606120394,118.472283111,107.292994361,10.0574122098
192.539182005,118.368729687,107.348347917,10.0988606697
192.601757284,118.537785299,107.347634307,10.143120755
192.499844363,118.692569847,107.375238119,10.1847570712
192.558100504,118.88480152,107.377244206,10.2261075596
192.34567182,118.719746612,107.349922025,10.2703157045
192.258792195,118.81174042,107.369663023,10.3116428663
191.974426822,118.837573957,107.373712152,10.3561337289
191.951134294,118.760170551,107.290333176,10.3975193626
191.822885461,118.890051455,107.320930461,10.4389631571
191.82275064,118.819520882,107.311659683,10.4832975763
191.640376968,118.498115783,107.286007274,10.5248377873
191.895975584,118.615100517,107.377978698,10.5690686366
191.911926427,118.5162293,107.367325487,10.6104141487
191.656224027,118.461633646,107.379286819,10.6519394306
191.642259961,118.378264998,107.378901275,10.6961898743
191.711116069,118.483486881,107.395304957,10.7375885709
191.79817994,118.478995953,107.408585307,10.7818772701
191.765941033,118.586090536,107.452403944,10.8233814026
191.998676268,118.559484938,107.423184962,10.8648500788
192.107486951,118.327320904,107.424415203,10.9090659992
192.183274346,118.283739604,107.373087663,10.950529388
192.442002284,118.817985492,107.409813143,10.9947742333
192.068153308,118.821432886,107.40088555,11.0363831798
192.093058801,118.783510426,107.385162882,11.0775231073
192.241635453,118.921756594,107.39873074,11.1220394735
192.513958981,119.224387347,107.401579038,11.1634148435
192.342240864,119.133194751,107.417634907,11.2049821132
192.368831225,119.113989748,107.425152789,11.2490275944
192.249270096,119.06990063,107.358741432,11.2907659253
192.019028743,118.824456872,107.293276698,11.3351000335
191.762345306,118.667681107,107.244696409,11.3763522394
191.748059017,118.592825995,107.202808638,11.417765865
191.520726192,118.559421699,107.196668956,11.461990805
191.834667389,118.567685469,107.264541598,11.5035347481
191.984403754,118.67126494,107.290698467,11.5477226767
192.057158142,118.900825247,107.351402832,11.5891614949
192.407552649,119.102821723,107.391469213,11.6307555124
192.413310619,119.282988872,107.390089417,11.6751219667
192.346907463,119.254195081,107.371402919,11.7162752681
192.2446381,119.378593628,107.440634786,11.7579448635
191.954368936,119.262139993,107.351542497,11.8021536304
192.09098787,119.23091222,107.371328656,11.8435181148
192.134354511,118.990326449,107.411840418,11.8878923446
192.052258648,118.967120057,107.458321168,11.9292981947
192.01583282,118.905489294,107.412437754,11.9706698324
192.126787919,118.803134389,107.394353847,12.0149249414
192.087169739,118.74257498,107.389128336,12.0563429213
192.178921651,118.794361006,107.453241108,12.1007246156
192.021016754,118.757879237,107.412969559,12.1421528591
191.966053593,118.886102819,107.38678143,12.1837633607
191.823956023,118.809885283,107.428044864,12.2279425806
192.040467413,118.826433253,107.471979988,12.2695614797
191.971110235,118.79530635,107.489980154,12.3136315315
192.244484575,118.921074569,107.501558249,12.3552647376
192.335937588,119.135873083,107.495978683,12.3966373084
192.220158876,119.07860844,107.500337061,12.4409378264
192.147132891,118.967782018,107.481756115,12.4823430544
192.147204984,119.150568252,107.505369961,12.5238655371
192.502097958,119.35374627,107.508048461,12.5680397808
192.395103801,119.258142701,107.48895663,12.6094869965
192.219934945,119.299697034,107.475278757,12.6537097594
191.9742179,119.005140966,107.419823979,12.6952680095
191.838875192,118.806050603,107.401731729,12.7366430685
191.510226672,118.691636628,107.374484101,12.7809790428
191.547960084,118.691028955,107.434459684,12.8225435133
191.52000414,118.722821524,107.417475002,12.8665700222
191.826922601,118.95202761,107.467192207,12.9081746144
192.006610476,118.863947614,107.475660371,12.9497163804
191.717644392,118.442065412,107.41971052,12.9938719628
191.931897425,118.777242433,107.473667488,13.03534095
192.101509311,118.769230263,107.492309166,13.0796392908
192.039217676,118.910435994,107.514736229,13.1210666013
192.521301256,119.226861679,107.52629002,13.1625726
192.355693141,119.202893407,107.497059041,13.2069847743
192.073712641,119.090494605,107.514820136,13.2482245394
192.200579717,119.006314136,107.543537992,13.2927433938
192.359000905,119.352479861,107.563675405,13.3339800487
192.162624032,119.247404787,107.507726246,13.3755149722
192.053293454,119.281400076,107.498770651,13.4197022787
192.125526489,119.271154574,107.47017665,13.4610925777
192.182774218,119.382729767,107.48771904,13.5025634311
192.004214455,119.248577247,107.480756249,13.5468860315
192.237881157,119.173982169,107.511393318,13.5883910971
192.541237593,119.133847672,107.529082502,13.6326552257
192.371163722,118.935188472,107.524516574,13.6742134758
192.312856708,118.961277185,107.53316017,13.7154429772
192.357682669,118.859849496,107.535778584,13.7599182887
192.454233355,118.56300793,107.571660661,13.8015797976
192.34843728,118.778108178,107.560937213,13.8456691326
192.122271123,118.792758195,107.529297589,13.8870361051
192.151652831,119.066329682,107.504563691,13.9284173846
192.076414289,119.173345471,107.525755951,13.9727359417
192.182556231,119.101346008,107.563922142,14.0141337052
192.115492106,119.127773008,107.546453747,14.05553489
192.08793981,118.982126485,107.443760653,14.0997965304
192.308370908,118.911005041,107.450369123,14.1412987968
192.274953925,118.835107305,107.426678516,14.1856770699
192.083040426,118.871321694,107.404641875,14.2270670579
191.916767791,118.626918527,107.383575163,14.2684452271
192.165554254,118.676871504,107.387207116,14.3128284765
192.108789538,118.794242329,107.415066538,14.354164347
191.99847627,118.759260325,107.38710731,14.3983973735
192.05450791,118.989945563,107.435178539,14.4399581118
191.944380446,118.928867616,107.454016706,14.4812619471
192.086528865,119.110320749,107.510844479,14.5256728773
191.945324318,118.976578841,107.48371501,14.5670407829
192.071965053,119.060604984,107.48988145,14.6084435227
191.926109923,119.114415669,107.472344277,14.652672195
191.772830838,118.90682421,107.482174228,14.6942472402
191.660001238,118.844510987,107.509219972,14.7384908414
191.683416343,118.87029374,107.499879142,14.7797051028
191.803684805,118.640283018,107.515278876,14.8213728321
191.779826794,118.678325614,107.555574994,14.8657044521
191.975163649,118.652977006,107.533197799,14.9071401602
192.019799608,118.69246309,107.579462788,14.9514310365
192.160929852,119.030912397,107.565187445,14.9927351828
192.262405176,118.836222414,107.512683238,15.0342813031
192.194966098,118.957063818,107.494627887,15.0785510301
192.244245588,119.143729904,107.550914436,15.1199326205
192.206383886,119.183693581,107.579432605,15.1617791866
192.303268236,119.085556629,107.563404078,15.205722342
192.513884382,119.382791808,107.585709301,15.247172046
192.47365479,119.378799615,107.579753778,15.2913279394
192.315923036,119.344420718,107.572789208,15.3328753038
192.624272121,119.437095419,107.560175453,15.3743237636
192.593115335,119.17989698,107.544119683,15.4185770065
192.497924339,119.155097046,107.511528466,15.4600836272
192.568251311,119.230489524,107.539564344,15.5042709337
192.57607374,119.31184845,107.510277644,15.5458307389
192.888055391,119.644658383,107.511965801,15.5871638102
192.642755281,119.434475425,107.496098259,15.631568831
192.509725191,119.427916708,107.511092461,15.6730011178
192.385309636,119.077898145,107.504829945,15.7173277615
192.23055284,119.239315227,107.479836907,15.7586847813
192.339179888,119.306549635,107.482936073,15.8000809897
192.379197283,119.284567715,107.496111204,15.8443958147
192.344381159,119.195014008,107.534785518,15.8858918607
192.646159925,119.221310621,107.556911406,15.9272317744
192.507355709,118.992622518,107.521399863,15.971572414
192.533752204,119.056296932,107.505328969,16.0130905424
192.674230276,119.109594071,107.493838142,16.0572573216
192.577033676,119.175596984,107.519297128,16.0987490133
192.298383838,119.115892271,107.469821388,16.1401601507
192.100400194,119.163164186,107.420621842,16.1844905266
192.192285404,119.198872656,107.416997044,16.2259327661
192.272377396,119.242148307,107.466540575,16.2702108906
192.133999566,119.263041982,107.499906034,16.3116689921
192.17110956,119.209890383,107.500642547,16.3530605352
192.082175115,118.949044169,107.453582987,16.3973930883
192.072789346,119.182028175,107.498703146,16.4389037522
191.985501956,119.214548254,107.480393381,16.4831286922
192.097829873,119.200303998,107.481081052,16.5247264419
191.899940109,118.969686707,107.389113806,16.5661826773
192.237273198,119.294408122,107.432453767,16.6104097944
192.405546346,119.4244782,107.453596146,16.6518041367
192.46426161,119.743448517,107.498004103,16.6960657771
192.157085446,119.819839994,107.439488561,16.7375245006
192.269217215,119.586404225,107.437103974,16.7788812094
192.441933133,119.571999057,107.451345875,16.823296183
192.521214738,119.389740251,107.431672793,16.8649091727
192.728432137,119.574423181,107.486104238,16.9062910741
192.661564436,119.426738441,107.487047246,16.9504970419
192.478187932,119.282368929,107.477799401,16.9919234193
192.535092029,119.417880961,107.412466151,17.0361934572
192.313923339,119.115102871,107.374308448,17.0776571571
192.191631751,118.975242434,107.342958944,17.1191273884
191.934158911,118.995585825,107.326795732,17.1634017807
192.094694305,119.18611088,107.318580113,17.2048094968
192.385474008,119.129718295,107.361985911,17.2491796834
192.252708047,119.073569575,107.408293784,17.290609171
192.548729391,119.221537589,107.432759881,17.3321120594
192.491181415,119.189812118,107.450472946,17.3761164859
192.480214299,118.929295151,107.393766104,17.4177378732
192.39594226,118.97262159,107.375193899,17.4619895609
192.231535236,118.891149875,107.30752183,17.5034240248
192.375723927,118.991972316,107.334105629,17.54487715
192.254527791,118.883547437,107.337968184,17.5891409676
192.162741724,118.874859539,107.369704705,17.6305272233
192.199070771,118.916204899,107.444100988,17.6719977656
192.152756148,119.044425512,107.486600475,17.7163222322
192.05496249,118.962565228,107.41153171,17.7577672708
191.907304469,118.67960405,107.434533401,17.8020674778
192.115922633,118.945383061,107.48984512,17.8436490544
192.267232072,119.09766386,107.501150136,17.8850800971
192.095815433,119.082892001,107.463892365,17.9293050371
192.108437542,118.892871432,107.446496955,17.9707410561
191.999780131,118.976003742,107.44540101,18.0150297553
191.827560463,118.880977261,107.443211894,18.0564828805
192.08573124,119.111452701,107.493348204,18.0978601167
192.172826673,119.109023046,107.483816909,18.1421391742
192.074172477,118.880450037,107.439872393,18.1837692701
191.787580476,118.780976792,107.377131117,18.2279438247
191.995869855,118.907529796,107.472569442,18.2694697287
192.238150543,118.917912685,107.465446459,18.3109041926
192.076326455,118.868041983,107.403355897,18.3551297546
192.295331098,118.919210158,107.384861959,18.3964870855
192.457726039,119.086328813,107.434209885,18.4380241862
192.078949811,118.901853888,107.430354365,18.482185367
192.150904069,118.994748605,107.483734127,18.5237451722
192.195511491,118.945335517,107.487327553,18.5679884624
192.220329324,118.88619346,107.529140537,18.6094114186
192.022038414,118.976961098,107.53807853,18.6509842866
192.412766005,119.095395427,107.577459764,18.6951902544
192.310440973,119.150387909,107.605462453,18.7365360774
191.965592923,119.279008101,107.507738579,18.7808512134
191.947082461,119.077468602,107.49626454,18.8223307753
191.856875297,119.067400463,107.458660109,18.8638355299
191.895704152,119.149465003,107.457662797,18.9079802266
191.781835673,118.899903522,107.445200363,18.9494961779
191.897631904,119.070224187,107.471340666,18.9938259318
192.009841943,119.07737089,107.461009524,19.035219963
191.985905115,119.001163609,107.430329917,19.0767013911
191.760803105,118.96801812,107.452986998,19.121017149
191.760924149,118.954713602,107.460056665,19.162481782
191.884413843,119.125737215,107.469166719,19.2039470369
191.885155506,119.094006635,107.47360998,19.2480892455
191.763423869,118.914644636,107.467500944,19.2896869952
191.630943779,118.715277615,107.416471182,19.3339887572
191.646310073,118.534107099,107.431762912,19.3754586775
191.773044899,118.308423248,107.406900892,19.4168499096
191.711196206,118.222339762,107.357639472,19.4611373647
191.818962745,118.315112781,107.356787986,19.5026442964
191.893174115,118.752531072,107.414486814,19.5468157409
192.10181796,118.905699693,107.411806278,19.588252382
192.224466158,118.849651104,107.376325046,19.630356162
192.137042526,118.7892209,107.370867731,19.6743046048
192.011216157,118.673282184,107.374535856,19.7155225984
192.106830073,118.625864319,107.410136895,19.759785794
192.133605756,118.700568794,107.456391873,19.8011412587
191.918183183,118.84634071,107.492435495,19.8426071357
191.876428399,118.697277439,107.503088218,19.8868610006
189.511768982,118.555821803,107.198459187,19.9286245242
190.600078788,118.58116649,107.348503922,19.9701071963
191.311839902,118.627034318,107.414400687,20.0141402367
191.57214316,118.512541384,107.378343567,20.0554574459
191.932867643,118.747713269,107.412833654,20.0997489442
191.882721225,118.891163995,107.436789087,20.1412617853
191.709690122,118.731419606,107.443979251,20.1826225374
191.758765713,119.016465978,107.487141041,20.2269756179
191.732710107,119.140027201,107.447911841,20.2684449161
191.470710522,119.013063886,107.418043088,20.3127018912
191.315702959,118.941684562,107.419441259,20.3543780181
