104.006806586,46.4243246596,-0.116766660965,0.0502419746851
98.7986376546,42.4917075406,-49.5604941707,0.161413489191
98.8754086642,47.1821523047,0.0078493917134,0.191994262645
98.8755086642,47.1822523047,0.0077493917134,0.223585168838
98.8756086642,47.1823523047,0.0076493917134,0.260281163979
98.8757086642,47.1824523047,0.0075493917134,0.296972494098
98.8758086642,47.1825523047,0.0074493917134,0.333520141543
98.8759086642,47.1826523047,0.0073493917134,0.366871315993
99.7194370097,45.6126940682,-36.4826761607,0.408870508012
99.9199994585,44.7066064393,-43.1096604469,0.440880022168
100.965714375,46.9171289998,0.0411684140026,0.478385554107
100.854768748,45.2449939234,39.1091528629,0.513275252774
99.7339491601,44.9432713796,35.8163954675,0.547517135403
100.756367956,44.7108480935,39.6370163775,0.584271287817
98.9668808812,46.9038601464,19.1801071892,0.621314982589
100.588006786,47.4636190062,-0.155981046104,0.654820413763
100.072809178,47.1298362066,24.1701724161,0.69306115315
100.254986002,47.042913562,-0.0124678793251,0.728383765848
100.255086002,47.043013562,-0.0125678793251,0.763755827779
100.255186002,47.043113562,-0.0126678793251,0.800495674125
99.7371342187,47.1707830395,0.0206577548249,0.837028704502
99.7372342187,47.1708830395,0.0205577548249,0.870471935384
101.090538259,45.1040627114,39.6262805556,0.911964195024
99.9640106259,46.7187483372,0.0810715781368,0.945012765055
99.9641106259,46.7188483372,0.0809715781368,0.977223497155
99.9642106259,46.7189483372,0.0808715781368,1.01391016225
99.9643106259,46.7190483372,0.0807715781368,1.05061144442
99.9644106259,46.7191483372,0.0806715781368,1.08721227311
101.10305745,45.6284769263,34.1506502856,1.12378231266
99.2342659301,46.9952022186,0.0112286107248,1.1587074655
99.6902620819,44.7518390422,-42.2169353298,1.19705456738
100.407168088,46.8624405182,-0.0146906696927,1.23230253973
99.6646731608,47.1315531865,-0.0895851065025,1.26696520733
99.4070037825,47.775557109,-0.0295616339646,1.30405213131
99.4071037825,47.775657109,-0.0296616339646,1.33739864074
99.4072037825,47.775757109,-0.0297616339646,1.37398423036
99.4073037825,47.775857109,-0.0298616339646,1.41069204356
99.4074037882,47.7759571026,0.0517614804585,1.44414709249
99.4075037882,47.7760571026,0.0516614804585,1.48074325617
99.4076037882,47.7761571026,0.0515614804585,1.51744173932
99.4077037882,47.7762571026,0.0514614804585,1.55411503135
99.4078037882,47.7763571026,0.0513614804585,1.58745563175
99.9585937423,47.2954703853,-0.038716937554,1.62495618767
99.9586937423,47.2955703853,-0.038816937554,1.66090111429
100.010193994,45.4573461127,-40.4459518947,1.70065829679
98.9283433551,47.4046407046,0.0520306192334,1.73236738354
98.9338510809,47.5674618718,0.0594409026272,1.77053690359
99.7709297489,47.5178692816,0.00476153456797,1.80836152302
99.7710297489,47.5179692816,0.00466153456797,1.84079742018
100.90104567,48.2592132132,0.173614673805,1.87684684329
100.901145665,48.2593131577,0.129439073847,1.91127470479
100.901245665,48.2594131577,0.129339073847,1.94758288111
100.901345665,48.2595131577,0.129239073847,1.98421885297
100.901445665,48.2596131577,0.129139073847,2.02091484811
100.901545665,48.2597131577,0.129039073847,2.05421968334
100.901645665,48.2598131577,0.128939073847,2.0909617067
100.901745665,48.2599131577,0.128839073847,2.1276480608
100.901845665,48.2600131577,0.128739073847,2.16431793182
100.901945665,48.2601131577,0.128639073847,2.19772477553
100.902045665,48.2602131577,0.128539073847,2.23435639337
100.902145665,48.2603131577,0.128439073847,2.27114942096
100.902245665,48.2604131577,0.128339073847,2.30780529691
100.902345665,48.2605131577,0.128239073847,2.3412696759
100.902445665,48.2606131577,0.128139073847,2.36117159226
100.902545665,48.2607131577,0.128039073847,2.39782404719
100.902645665,48.2608131577,0.127939073847,2.43110027029
100.902745665,48.2609131577,0.127839073847,2.46780341847
100.902845665,48.2610131577,0.127739073847,2.50441762022
100.902945665,48.2611131577,0.127639073847,2.54106478813
100.903045665,48.2612131577,0.127539073847,2.57459758744
100.903145665,48.2613131577,0.127439073847,2.61114523488
100.903245665,48.2614131577,0.127339073847,2.64784713905
100.645851399,44.571306375,48.5358893276,2.68723765083
100.165470505,44.454656954,45.5590188888,2.72184713718
99.9110229119,44.0789839889,43.4150464013,2.75502788284
99.3711872486,46.8498762813,0.0427200874163,2.79294580271
99.6205839671,47.155652475,-0.00606391746321,2.8314648884
99.6206839747,47.1557524647,-0.0930521913933,2.86474515452
99.6207839747,47.1558524647,-0.0931521913933,2.89798374644
99.6208839747,47.1559524647,-0.0932521913933,2.93467507656
99.6209839747,47.1560524647,-0.0933521913933,2.97134401457
101.40493115,46.9915376426,0.0455413964669,3.01327292026
101.40503115,46.9916376426,0.0454413964669,3.04137905511
101.40513115,46.9917376426,0.0453413964669,3.07807536125
98.5137709929,46.4574474742,-0.063431006037,3.12007579728
99.9416485267,46.9288622519,0.031858960734,3.15482367928
99.9417485267,46.9289622519,0.031758960734,3.18475974671
99.4074225451,47.740355684,0.0733187992787,3.2246646549
99.4075225451,47.740455684,0.0732187992787,3.25817786111
99.4076225451,47.740555684,0.0731187992787,3.29485799518
99.4077225451,47.740655684,0.0730187992787,3.32820668162
99.4078225451,47.740755684,0.0729187992787,3.34802058456
99.4079225451,47.740855684,0.0728187992787,3.38477691399
99.4080225451,47.740955684,0.0727187992787,3.41807086417
99.4081225451,47.741055684,0.0726187992787,3.45477214634
99.4082225451,47.741155684,0.0725187992787,3.49148027053
99.4083225451,47.741255684,0.0724187992787,3.52813334747
99.4084225451,47.741355684,0.0723187992787,3.56144471374
99.4085225451,47.741455684,0.0722187992787,3.59817616304
99.4086225451,47.741555684,0.0721187992787,3.63485971813
99.4087225451,47.741655684,0.0720187992787,3.67153114415
99.4088225451,47.741755684,0.0719187992787,3.70493052383
99.4089225451,47.741855684,0.0718187992787,3.72493040565
99.4090225451,47.741955684,0.0717187992787,3.76161427173
99.4091225451,47.742055684,0.0716187992787,3.79496606819
99.4092225451,47.742155684,0.0715187992787,3.83162070013
99.4093225451,47.742255684,0.0714187992787,3.86832851333
99.4094225451,47.742355684,0.0713187992787,3.90488331381
99.4095225451,47.742455684,0.0712187992787,3.9383508028
99.4096225451,47.742555684,0.0711187992787,3.97491586633
99.4097225451,47.742655684,0.0710187992787,4.01172288899
99.4098225451,47.742755684,0.0709187992787,4.04830847862
99.4099225451,47.742855684,0.0708187992787,4.08176539356
99.4100225451,47.742955684,0.0707187992787,4.10166699892
99.4101225451,47.743055684,0.0706187992787,4.13838103215
99.4102225451,47.743155684,0.0705187992787,4.17182333002
99.4103225451,47.743255684,0.0704187992787,4.20840643163
99.4104225451,47.743355684,0.0703187992787,4.24509620675
99.4105225451,47.743455684,0.0702187992787,4.28173404461
99.4106225451,47.743555684,0.0701187992787,4.315070913
99.4107225451,47.743655684,0.0700187992787,4.35173176497
99.4108225451,47.743755684,0.0699187992787,4.38848529538
99.4109225451,47.743855684,0.0698187992787,4.42513806132
99.4110225451,47.743955684,0.0697187992787,4.4618632906
99.4111225451,47.744055684,0.0696187992787,4.4951830539
99.4112225451,47.744155684,0.0695187992787,4.53187656103
99.4113225451,47.744255684,0.0694187992787,4.56854767606
99.4114225451,47.744355684,0.0693187992787,4.60515192577
99.4115225451,47.744455684,0.0692187992787,4.63856001349
99.4116225451,47.744555684,0.0691187992787,4.6752933288
99.4117225451,47.744655684,0.0690187992787,4.71196475483
99.4118225451,47.744755684,0.0689187992787,4.7485180003
99.4119225451,47.744855684,0.0688187992787,4.78198362329
99.4120225451,47.744955684,0.0687187992787,4.8185468208
99.4121225451,47.745055684,0.0686187992787,4.85523846192
99.4122225451,47.745155684,0.0685187992787,4.89193818908
99.4123225451,47.745255684,0.0684187992787,4.9254535723
99.4124225451,47.745355684,0.0683187992787,4.96197167461
99.4125225451,47.745455684,0.0682187992787,4.99867171277
99.4126225451,47.745555684,0.0681187992787,5.03535371284
99.4127225451,47.745655684,0.0680187992787,5.0686840502
99.4128225395,47.7457556776,-0.0844496158378,5.08881424163
99.4129225395,47.7458556776,-0.0845496158378,5.12545518951
99.4130225395,47.7459556776,-0.0846496158378,5.15875691473
99.4131225395,47.7460556776,-0.0847496158378,5.19545290987
99.4132225395,47.7461556776,-0.0848496158378,5.23218591418
99.4133225395,47.7462556776,-0.0849496158378,5.26882686207
99.4134225395,47.7463556776,-0.0850496158378,5.30215688842
99.4135225395,47.7464556776,-0.0851496158378,5.33885163955
99.4136225395,47.7465556776,-0.0852496158378,5.37558526587
99.4137225395,47.7466556776,-0.0853496158378,5.41224736185
99.4138225395,47.7467556776,-0.0854496158378,5.448732187
99.4139225395,47.7468556776,-0.0855496158378,5.48222922114
99.4140225395,47.7469556776,-0.0856496158378,5.51894449837
99.4141225395,47.7470556776,-0.0857496158378,5.55544362959
99.4142225395,47.7471556776,-0.0858496158378,5.59214055773
99.4143225395,47.7472556776,-0.0859496158378,5.62553433938
99.4144225395,47.7473556776,-0.0860496158378,5.66219767937
99.4145225395,47.7474556776,-0.0861496158378,5.69891575561
99.4146225395,47.7475556776,-0.0862496158378,5.7355570145
99.4147225395,47.7476556776,-0.0863496158378,5.76890538994
99.4148225395,47.7477556776,-0.0864496158378,5.8056066721
99.4149225395,47.7478556776,-0.0865496158378,5.84237233157
99.4150225395,47.7479556776,-0.0866496158378,5.87897720328
99.4151225395,47.7480556776,-0.0867496158378,5.91234765982
99.4152225395,47.7481556776,-0.0868496158378,5.94903308091
99.4153225395,47.7482556776,-0.0869496158378,5.98568304784
99.4154225395,47.7483556776,-0.0870496158378,6.02241854017
99.4155225395,47.7484556776,-0.0871496158378,6.05570005029
99.4156225395,47.7485556776,-0.0872496158378,6.07582122268
99.4157225395,47.7486556776,-0.0873496158378,6.11236949213
99.4158225395,47.7487556776,-0.0874496158378,6.145811479
99.4159225395,47.7488556776,-0.0875496158378,6.1824990771
99.4160225395,47.7489556776,-0.0876496158378,6.2192292824
99.4161225395,47.7490556776,-0.0877496158378,6.25574645171
99.4162225395,47.7491556776,-0.0878496158378,6.28923944282
99.4163225395,47.7492556776,-0.0879496158378,6.30914695721
99.4164225395,47.7493556776,-0.0880496158378,6.34581745023
99.4165225395,47.7494556776,-0.0881496158378,6.37932941243
99.4166225395,47.7495556776,-0.0882496158378,6.4158170366
99.4167225395,47.7496556776,-0.0883496158378,6.452568701
99.4168225395,47.7497556776,-0.0884496158378,6.48922022293
99.4169225395,47.7498556776,-0.0885496158378,6.5226171146
99.4170225395,47.7499556776,-0.0886496158378,6.55923660338
99.4171225395,47.7500556776,-0.0887496158378,6.59592575649
99.4172225395,47.7501556776,-0.0888496158378,6.63264663175
99.4173225395,47.7502556776,-0.0889496158378,6.66932023478
99.4174225395,47.7503556776,-0.0890496158378,6.70269722235
99.4175225395,47.7504556776,-0.0891496158378,6.73943582469
99.4176225395,47.7505556776,-0.0892496158378,6.77607366256
99.4177225395,47.7506556776,-0.0893496158378,6.81263437207
99.4178225395,47.7507556776,-0.0894496158378,6.84613576022
99.4179225395,47.7508556776,-0.0895496158378,6.8827972342
99.4180225395,47.7509556776,-0.0896496158378,6.91951562145
99.4181225395,47.7510556776,-0.0897496158378,6.95604616381
99.4182225395,47.7511556776,-0.0898496158378,6.98952515986
99.4183225395,47.7512556776,-0.0899496158378,7.02607467332
99.4184225395,47.7513556776,-0.0900496158378,7.06278995055
99.4185225395,47.7514556776,-0.0901496158378,7.09966477153
99.4186225395,47.7515556776,-0.0902496158378,7.13301096995
99.4187225395,47.7516556776,-0.0903496158378,7.15281554286
99.4188225395,47.7517556776,-0.0904496158378,7.18955849922
99.4189225395,47.7518556776,-0.0905496158378,7.22288137254
99.4190225395,47.7519556776,-0.0906496158378,7.25957954469
99.4191225395,47.7520556776,-0.0907496158378,7.29636324224
99.4192225395,47.7521556776,-0.0908496158378,7.33295442989
99.4193225395,47.7522556776,-0.0909496158378,7.36965477905
99.4194225395,47.7523556776,-0.0910496158378,7.40297516436
99.4195225395,47.7524556776,-0.0911496158378,7.43968826458
99.4196225395,47.7525556776,-0.0912496158378,7.47637617368
99.4197225395,47.7526556776,-0.0913496158378,7.51303889167
99.4198225395,47.7527556776,-0.0914496158378,7.5463857121
99.4199225395,47.7528556776,-0.0915496158378,7.58309103728
99.4200225395,47.7529556776,-0.0916496158378,7.61976401831
99.4201225395,47.7530556776,-0.0917496158378,7.65630295772
99.4202225395,47.7531556776,-0.0918496158378,7.68976484869
99.4203225395,47.7532556776,-0.0919496158378,7.72648696795
99.4204225395,47.7533556776,-0.0920496158378,7.76298983119
99.4205225395,47.7534556776,-0.0921496158378,7.7997433616
99.4206225395,47.7535556776,-0.0922496158378,7.83302891474
99.4207225395,47.7536556776,-0.0923496158378,7.86969287673
99.4208225395,47.7537556776,-0.0924496158378,7.90643054607
99.4209225395,47.7538556776,-0.0925496158378,7.94311783317
99.4210225395,47.7539556776,-0.0926496158378,7.9764220464
99.4211225395,47.7540556776,-0.0927496158378,8.01318739486
99.4212225395,47.7541556776,-0.0928496158378,8.04983300777
99.4213225395,47.7542556776,-0.0929496158378,8.08649572575
99.4214225395,47.7543556776,-0.0930496158378,8.11987271332
99.4215225395,47.7544556776,-0.0931496158378,8.15655315839
99.4216225395,47.7545556776,-0.0932496158378,8.19328678471
99.4217225395,47.7546556776,-0.0933496158378,8.22988294838
99.4218225395,47.7547556776,-0.0934496158378,8.26323132382
99.4219225395,47.7548556776,-0.0935496158378,8.28321534456
99.4220225395,47.7549556776,-0.0936496158378,8.31996918598
99.4221225395,47.7550556776,-0.0937496158378,8.35328024124
99.4222225395,47.7551556776,-0.0938496158378,8.38998649943
99.4223225395,47.7552556776,-0.0939496158378,8.4266691215
99.4224225395,47.7553556776,-0.0940496158378,8.46318318079
99.4225225395,47.7554556776,-0.0941496158378,8.49669732001
99.4226225395,47.7555556776,-0.0942496158378,8.53322848437
99.4227225395,47.7556556776,-0.0943496158378,8.56989369037
99.4228225395,47.7557556776,-0.0944496158378,8.60665312981
99.4229225395,47.7558556776,-0.0945496158378,8.6433382399
99.4230225395,47.7559556776,-0.0946496158378,8.67665364918
99.4231225395,47.7560556776,-0.0947496158378,8.71340189257
99.4232225395,47.7561556776,-0.0948496158378,8.75006087854
99.4233225395,47.7562556776,-0.0949496158378,8.78674536662
99.4234225395,47.7563556776,-0.0950496158378,8.82011737817
99.4235225395,47.7564556776,-0.0951496158378,8.85673157993
99.4236225395,47.7565556776,-0.0952496158378,8.89349101937
99.4237225395,47.7566556776,-0.0953496158378,8.93019416754
99.4238225395,47.7567556776,-0.0954496158378,8.96352792591
99.4239225395,47.7568556776,-0.0955496158378,9.00018877789
99.4240225395,47.7569556776,-0.0956496158378,9.03687450998
99.4241225395,47.7570556776,-0.0957496158378,9.07359880625
99.4242225395,47.7571556776,-0.0958496158378,9.10699507591
99.4243225395,47.7572556776,-0.0959496158378,9.12702823489
99.4244225395,47.7573556776,-0.0960496158378,9.16354540419
99.4245225395,47.7574556776,-0.0961496158378,9.19703497429
99.4246225395,47.7575556776,-0.0962496158378,9.23357888972
99.4247225395,47.7576556776,-0.0963496158378,9.27023072265
99.4248225395,47.7577556776,-0.0964496158378,9.3070144202
99.4249225395,47.7578556776,-0.0965496158378,9.34041628789
99.4250225395,47.7579556776,-0.0966496158378,9.36031447224
99.4251225395,47.7580556776,-0.0967496158378,9.39702881646
99.4252225395,47.7581556776,-0.0968496158378,9.43032556566
99.4253225395,47.7582556776,-0.0969496158378,9.46696122652
99.4254225395,47.7583556776,-0.0970496158378,9.50372439797
99.4255225395,47.7584556776,-0.0971496158378,9.54039209198
99.4256225395,47.7585556776,-0.0972496158378,9.57373891241
99.4257225395,47.7586556776,-0.0973496158378,9.6104874668
99.4258225395,47.7587556776,-0.0974496158378,9.6471542278
99.4259225395,47.7588556776,-0.0975496158378,9.68381818979
99.4260225395,47.7589556776,-0.0976496158378,9.71716687623
99.4261225395,47.7590556776,-0.0977496158378,9.73711077779
99.4262225395,47.7591556776,-0.0978496158378,9.77379650988
99.4263225395,47.7592556776,-0.0979496158378,9.80718998053
99.4264225395,47.7593556776,-0.0980496158378,9.8438284404
99.4265225395,47.7594556776,-0.0981496158378,9.8805801048
99.4266225395,47.7595556776,-0.0982496158378,9.91711375718
99.4267225395,47.7596556776,-0.0983496158378,9.95062571939
99.4268225395,47.7597556776,-0.0984496158378,9.98715563975
99.4269225395,47.7598556776,-0.0985496158378,10.0239909635
99.4270225395,47.7599556776,-0.0986496158378,10.060534257
99.4271225395,47.7600556776,-0.0987496158378,10.0939939709
99.4272225395,47.7601556776,-0.0988496158378,10.1138753612
99.4273225395,47.7602556776,-0.0989496158378,10.1506298246
99.4274225395,47.7603556776,-0.0990496158378,10.183958918
99.4275225395,47.7604556776,-0.0991496158378,10.2206004878
99.4276225395,47.7605556776,-0.0992496158378,10.2572893299
99.4277225395,47.7606556776,-0.0993496158378,10.2940621424
99.4278225395,47.7607556776,-0.0994496158378,10.3273417866
99.4279225395,47.7608556776,-0.0995496158378,10.3640250306
99.4280225395,47.7609556776,-0.0996496158378,10.4007384419
99.4281225395,47.7610556776,-0.0997496158378,10.4374086239
99.4282225395,47.7611556776,-0.0998496158378,10.474103997
99.4283225395,47.7612556776,-0.0999496158378,10.5074741426
99.4284225395,47.7613556776,-0.100049615838,10.5441552096
99.4285225395,47.7614556776,-0.100149615838,10.5808515158
99.4286225395,47.7615556776,-0.100249615838,10.6173739721
99.4287225395,47.7616556776,-0.100349615838,10.6508318201
99.4288225395,47.7617556776,-0.100449615838,10.687490806
99.4289225395,47.7618556776,-0.100549615838,10.7242496235
99.4290225395,47.7619556776,-0.100649615838,10.7607779888
99.4291225395,47.7620556776,-0.100749615838,10.7942759559
99.4292225395,47.7621556776,-0.100849615838,10.8308276464
99.4293225395,47.7622556776,-0.100949615838,10.8675419906
99.4294225395,47.7623556776,-0.101049615838,10.9042034646
99.4295225395,47.7624556776,-0.101149615838,10.9377266229
99.4296225395,47.7625556776,-0.101249615838,10.9575542099
99.4297225395,47.7626556776,-0.101349615838,10.994235277
99.4298225395,47.7627556776,-0.101449615838,11.0275876954
99.4299225395,47.7628556776,-0.101549615838,11.0642301983
99.4300225395,47.7629556776,-0.101649615838,11.1009666236
99.4301225395,47.7630556776,-0.101749615838,11.1376853219
99.4302225395,47.7631556776,-0.101849615838,11.170972741
99.4303225395,47.7632556776,-0.101949615838,11.2076964153
99.4304225395,47.7633556776,-0.102049615838,11.2443718843
99.4305225395,47.7634556776,-0.102149615838,11.2810772095
99.4306225395,47.7635556776,-0.102249615838,11.3144504651
99.4307225395,47.7636556776,-0.102349615838,11.3510795949
99.4308225395,47.7637556776,-0.102449615838,11.3878480534
99.4309225395,47.7638556776,-0.102549615838,11.4245070394
99.4310225395,47.7639556776,-0.102649615838,11.4577953915
99.4311225395,47.7640556776,-0.102749615838,11.4777828333
99.4312225395,47.7641556776,-0.102849615838,11.5143186627
99.4313225395,47.7642556776,-0.102949615838,11.5478418209
99.4314225395,47.7643556776,-0.103049615838,11.5843897794
99.4315225395,47.7644556776,-0.103149615838,11.6211644579
99.4316225395,47.7645556776,-0.103249615838,11.6577662196
99.4317225395,47.7646556776,-0.103349615838,11.6912582777
99.4318225395,47.7647556776,-0.103449615838,11.7278457333
99.4319225395,47.7648556776,-0.103549615838,11.7645093843
99.4320225395,47.7649556776,-0.103649615838,11.8011972934
99.4321225395,47.7650556776,-0.103749615838,11.8345590419
99.4322225395,47.7651556776,-0.103849615838,11.8545399526
99.4323225395,47.7652556776,-0.103949615838,11.8911892976
99.4324225395,47.7653556776,-0.104049615838,11.9245613091
99.4325225395,47.7654556776,-0.104149615838,11.9612290031
99.4326225395,47.7655556776,-0.104249615838,11.9979004292
99.4327225395,47.7656556776,-0.104349615838,12.0345911373
99.4328225395,47.7657556776,-0.104449615838,12.0679298717
99.4329225395,47.7658556776,-0.104549615838,12.1046212018
99.4330225395,47.7659556776,-0.104649615838,12.1413097329
99.4331225395,47.7660556776,-0.104749615838,12.1778362322
99.4332225395,47.7661556776,-0.104849615838,12.2113292233
99.4333225395,47.7662556776,-0.104949615838,12.2478650527
99.4334225395,47.7663556776,-0.105049615838,12.284593081
99.4335225395,47.7664556776,-0.105149615838,12.321252067
99.4336225395,47.7665556776,-0.105249615838,12.3547369721
99.4337225395,47.7666556776,-0.105349615838,12.3745735781
99.4338225395,47.7667556776,-0.105449615838,12.4113376826
99.4339225395,47.7668556776,-0.105549615838,12.4446381638
99.4340225395,47.7669556776,-0.105649615838,12.4813907612
99.4341225395,47.7670556776,-0.105749615838,12.5180279771
99.4342225395,47.7671556776,-0.105849615838,12.554684786
99.4343225395,47.7672556776,-0.105949615838,12.5881133998
99.4344225395,47.7673556776,-0.106049615838,12.6247157835
99.4345225395,47.7674556776,-0.106149615838,12.6614167547
99.4346225395,47.7675556776,-0.106249615838,12.6981298549
99.4347225395,47.7676556776,-0.106349615838,12.7314813404
99.4348225395,47.7677556776,-0.106449615838,12.7514591411
99.4349225395,47.7678556776,-0.106549615838,12.7881395862
99.4350225395,47.7679556776,-0.106649615838,12.8215566929
99.4351225395,47.7680556776,-0.106749615838,12.8581541006
99.4352225395,47.7681556776,-0.106849615838,12.8948793299
99.4353225395,47.7682556776,-0.106949615838,12.9314366184
99.4354225395,47.7683556776,-0.107049615838,12.9649523126
99.4355225395,47.7684556776,-0.107149615838,13.0016299586
99.4356225395,47.7685556776,-0.107249615838,13.0382062182
99.4357225395,47.7686556776,-0.107349615838,13.0748580512
99.4358225395,47.7687556776,-0.107449615838,13.1083196311
99.4359225395,47.7688556776,-0.107549615838,13.1283440821
99.4360225395,47.7689556776,-0.107649615838,13.1649411787
99.4361225395,47.7690556776,-0.107749615838,13.1982796021
99.4362225395,47.7691556776,-0.107849615838,13.2348854068
99.4363225395,47.7692556776,-0.107949615838,13.2716420473
99.4364225395,47.7693556776,-0.108049615838,13.3082951242
99.4365225395,47.7694556776,-0.108149615838,13.3416145765
100.168273586,47.7622525303,-0.0944850113944,13.3835232671
100.168373586,47.7623525303,-0.0945850113944,13.4149844857
100.168473586,47.7624525303,-0.0946850113944,13.4516938539
100.168573586,47.7625525303,-0.0947850113944,13.4850316553
100.168673586,47.7626525303,-0.0948850113944,13.5050719673
100.168773586,47.7627525303,-0.0949850113944,13.5417197572
100.168873586,47.7628525303,-0.0950850113944,13.5750927018
100.168973586,47.7629525303,-0.0951850113944,13.6117411137
100.169073586,47.7630525303,-0.0952850113944,13.6484647879
100.169173586,47.7631525303,-0.0953850113944,13.6851530081
100.169273586,47.7632525303,-0.0954850113944,13.7184811684
100.169373586,47.7633525303,-0.0955850113944,13.7550319259
100.169473586,47.7634525303,-0.0956850113944,13.7917518681
100.169573586,47.7635525303,-0.0957850113944,13.8284117871
100.169673586,47.7636525303,-0.0958850113944,13.8619125532
100.169773586,47.7637525303,-0.0959850113944,13.8817628433
100.169873586,47.7638525303,-0.0960850113944,13.9184746996
100.169973586,47.7639525303,-0.0961850113944,13.9518358261
100.170073586,47.7640525303,-0.0962850113944,13.988486104
100.170173586,47.7641525303,-0.0963850113944,14.0251951612
100.170273586,47.7642525303,-0.0964850113944,14.0618852473
100.170373586,47.7643525303,-0.0965850113944,14.0952348667
100.170473586,47.7644525303,-0.0966850113944,14.1152363036
100.17057357,47.7645525314,0.357547822979,14.1519490928
100.065137361,43.6732609111,40.7778951908,14.193349296
101.070162937,46.0547675831,-0.0679221842275,14.2234884474
99.3640772373,47.43649993,-0.0249679707987,14.2618663384
99.3641772373,47.43659993,-0.0250679707987,14.2953431575
99.3642772373,47.43669993,-0.0251679707987,14.3286663418
99.3643772373,47.43679993,-0.0252679707987,14.3653632699
99.3644772373,47.43689993,-0.0253679707987,14.4021040493
99.3645772373,47.43699993,-0.0254679707987,14.4387446862
99.3646772373,47.43709993,-0.0255679707987,14.4721005256
100.713125855,43.7104665118,-42.5274779741,14.5006262014
100.10178164,46.1511737586,0.0779440454975,14.530154235
100.10188164,46.1512737586,0.0778440454975,14.5621513091
100.10198164,46.1513737586,0.0777440454975,14.5987188606
100.917937589,45.3783809854,31.4893515733,14.6387431933
100.426732515,46.4897975272,0.000957049776572,14.6733629427
100.986375141,44.6606428771,-34.84740618,14.7151746009
98.6923422213,44.9175459705,-33.1092944841,14.7427610523
99.9851263724,46.0251618948,0.00625862319505,14.7800681653
98.3847771825,43.4394159065,43.6641366856,14.8184121572
99.0149797619,46.4913347526,-0.0312571494382,14.8536274744
100.413035242,46.3950479674,-0.0648783058132,14.8898547903
100.413135242,46.3951479674,-0.0649783058132,14.9222617643
100.413235242,46.3952479674,-0.0650783058132,14.9589552715
99.368910937,46.4118707169,26.959020384,14.9984166916
98.8955793479,45.3953247484,34.2225408447,15.0296026739
98.6768414092,46.4799796887,0.0351527505289,15.0670341875
99.9390345088,46.7395999717,0.0658422641744,15.1053477012
99.6489025073,47.0812934122,0.00664980322457,15.1424853184
99.6490025073,47.0813934122,0.00654980322457,15.1723762906
99.6491025073,47.0814934122,0.00644980322457,15.2089755643
99.6531816087,46.1233081589,0.114569921618,15.2565535005
99.6532816087,46.1234081589,0.114469921618,15.2822842062
99.6533816087,46.1235081589,0.114369921618,15.3158036324
99.6534816087,46.1236081589,0.114269921618,15.3523615429
99.6535815973,46.1237081564,-0.296574435074,15.3890195959
99.6520798045,45.4906007022,-21.1336643758,15.4349650854
98.099632315,47.0347871893,-0.0226968587746,15.4601686437
98.099732315,47.0348871893,-0.0227968587746,15.4956986943
98.099832315,47.0349871893,-0.0228968587746,15.5323909574
98.099932315,47.0350871893,-0.0229968587746,15.5690869526
98.100032315,47.0351871893,-0.0230968587746,15.6058009858
98.1001323239,47.0352871778,0.107568003344,15.6392081405
98.1002323239,47.0353871778,0.107468003344,15.6758179883
98.100332336,47.0354871759,-0.285327175702,15.7124794622
99.5045479889,46.7571493475,0.0439335701892,15.7538852635
99.5046479889,46.7572493475,0.0438335701892,15.7824840246
98.649354081,47.3746210841,-0.0109097614873,15.822430607
98.649454081,47.3747210841,-0.0110097614873,15.855896852
99.2702163006,47.283497307,-0.14557787995,15.8977532944
99.270316296,47.2835972975,0.0389955585657,15.926027992
99.270416296,47.2836972975,0.0388955585657,15.962472387
99.270516296,47.2837972975,0.0387955585657,15.9992389794
99.270616296,47.2838972975,0.0386955585657,16.0358435401
99.2707162826,47.283997297,0.460228828447,16.0693502153
99.5055428575,46.6356389137,-0.07327686651,16.1110455589
99.5056428575,46.6357389137,-0.07337686651,16.142605676
99.5057428575,46.6358389137,-0.07347686651,16.179270882
99.5058428575,46.6359389137,-0.07357686651,16.212741792
99.5059428575,46.6360389137,-0.07367686651,16.2326259812
99.5060428575,46.6361389137,-0.07377686651,16.2692893212
99.5061428575,46.6362389137,-0.07387686651,16.3026715958
99.5062428575,46.6363389137,-0.07397686651,16.3392879746
99.5063428575,46.6364389137,-0.07407686651,16.37604928
99.5064428575,46.6365389137,-0.07417686651,16.412704845
99.5065428575,46.6366389137,-0.07427686651,16.4460703255
99.5066428575,46.6367389137,-0.07437686651,16.4827128284
99.5067428575,46.6368389137,-0.07447686651,16.5194725788
97.9718652808,44.6532575966,38.5745522688,16.5614590198
98.3233070357,45.8191174934,0.0119028963369,16.5908334186
98.7825599841,46.0283545464,-0.00278129746258,16.6298569487
100.299638112,46.1236300866,-0.332164004081,16.6651948004
98.9721658428,45.8858651727,-0.012254987097,16.7027320545
98.0485293463,46.2693208229,0.0150330025243,16.7389910926
98.0486293463,46.2694208229,0.0149330025243,16.7694235184
98.11984359,46.5751100944,-0.00363277993989,16.8096512461
97.5495398117,46.4796963426,0.0497284717394,16.8483081054
98.8533051077,46.377367221,-0.0764772749412,16.8851729743
97.9861438342,44.3793965795,-40.7973789564,16.9157347767
98.7716869549,43.910815892,-42.3849033586,16.9499831904
97.8134585917,46.395186387,0.0193809898979,16.9878059438
97.8135585917,46.395286387,0.0192809898979,17.0228990374
99.4265683822,46.8414625233,-0.0662131397674,17.0596600319
99.3082109605,46.9441231078,-0.0129010244102,17.0963721991
99.3083109733,46.9442231057,-0.350416622392,17.1296773453
99.9960812809,46.085440084,0.000849591194874,17.1749796838
98.9656277874,45.6935272036,-17.2183011159,17.2068666634
99.5384880375,46.2574726223,0.0754089729963,17.2375870765
99.117998543,46.4189638019,-0.0545733287735,17.2764109436
99.4114281423,47.0468093806,-0.0979544637586,17.3129900022
99.4115281423,47.0469093806,-0.0980544637586,17.3462758664
99.4116281423,47.0470093806,-0.0981544637586,17.3797688575
99.4117281423,47.0471093806,-0.0982544637586,17.4164331305
99.4118281423,47.0472093806,-0.0983544637586,17.4530588393
99.4119281423,47.0473093806,-0.0984544637586,17.4896780171
99.4120281423,47.0474093806,-0.0985544637586,17.5230260815
99.4121281423,47.0475093806,-0.0986544637586,17.5597139906
100.163806934,46.4132738061,-29.9254682067,17.5994773931
100.076348836,46.7376555893,0.0371178903412,17.6340741284
99.8869910746,47.042235363,-0.0197779582149,17.6696635804
99.8870910746,47.042335363,-0.0198779582149,17.703052386
99.8871910618,47.04243536,-0.114814900718,17.739927518
99.8872910618,47.04253536,-0.114914900718,17.7764705004
98.47288325,47.4981142175,-0.0540060412382,17.8131074053
98.47298325,47.4982142175,-0.0541060412382,17.8464797278
98.4730832635,47.4983142175,0.432371791095,17.8832149092
99.4813103221,47.2078068626,0.0385805208043,17.9235626834
99.4814103221,47.2079068626,0.0384805208043,17.953306863
99.4815103221,47.2080068626,0.0383805208043,17.9732476545
99.4816103221,47.2081068626,0.0382805208043,18.0099722618
99.4817103221,47.2082068626,0.0381805208043,18.043283939
99.4818103221,47.2083068626,0.0380805208043,18.0799827332
99.4819103221,47.2084068626,0.0379805208043,18.1167051635
99.4820103221,47.2085068626,0.0378805208043,18.1532182897
99.4821103221,47.2086068626,0.0377805208043,18.186729941
99.4822103221,47.2087068626,0.0376805208043,18.2231730919
99.4823103221,47.2088068626,0.0375805208043,18.2600152577
99.4824103221,47.2089068626,0.0374805208043,18.2966593156
99.4825103221,47.2090068626,0.0373805208043,18.3300929055
99.4826103221,47.2091068626,0.0372805208043,18.3499839368
99.4827103221,47.2092068626,0.0371805208043,18.3867225391
99.4828103221,47.2093068626,0.0370805208043,18.4200516325
99.4829103221,47.2094068626,0.0369805208043,18.4567047094
99.4830103221,47.2095068626,0.0368805208043,18.4934022595
99.4831103221,47.2096068626,0.0367805208043,18.5300456954
99.578804829,44.9548893582,36.1215664293,18.5754873626
99.4107291447,47.0319520489,0.0691804416889,18.6012109153
99.4108291447,47.0320520489,0.0690804416889,18.6367403439
99.4109291447,47.0321520489,0.0689804416889,18.6734344731
99.4110291447,47.0322520489,0.0688804416889,18.7068534458
99.4111291447,47.0323520489,0.0687804416889,18.7268523947
99.4112291447,47.0324520489,0.0686804416889,18.763584155
99.4113291447,47.0325520489,0.0685804416889,18.796836431
99.4114291447,47.0326520489,0.0684804416889,18.8335370911
99.4115291447,47.0327520489,0.0683804416889,18.8702766265
99.4116291447,47.0328520489,0.0682804416889,18.9067959728
99.4117291447,47.0329520489,0.0681804416889,18.9402849209
99.4118291447,47.0330520489,0.0680804416889,18.9767927601
99.4119291447,47.0331520489,0.0679804416889,19.0135226544
99.4120291447,47.0332520489,0.0678804416889,19.0502136736
99.4889534743,47.6304384407,0.00676034917716,19.086974046
99.4890534743,47.6305384407,0.00666034917716,19.1202813692
99.4891534743,47.6306384407,0.00656034917716,19.1569823404
99.4892534743,47.6307384407,0.00646034917716,19.1936419484
99.4893534743,47.6308384407,0.00636034917716,19.2303062214
99.4894534743,47.6309384407,0.00626034917716,19.2636446448
99.4895534743,47.6310384407,0.00616034917716,19.300363032
99.4896534743,47.6311384407,0.00606034917716,19.3370176639
99.4897534743,47.6312384407,0.00596034917716,19.373701841
99.4898534743,47.6313384407,0.00586034917716,19.4069936142
99.4899534795,47.6314384364,0.256260924351,19.4437452786
99.869583714,46.9758262785,-0.0766351386326,19.4901718874
99.869683714,46.9759262785,-0.0767351386326,19.5170822216
99.869783714,46.9760262785,-0.0768351386326,19.5504694723
100.942179999,47.0206708487,0.286677357403,19.5905535173
98.531386811,46.6950021669,-0.0356147945773,19.6289258103
98.531486811,46.6951021669,-0.0357147945773,19.6603783208
98.531586811,46.6952021669,-0.0358147945773,19.6938601159
98.5316868244,46.695302166,0.344010822436,19.7303803952
99.9713664155,46.1324656657,0.0073537045994,19.7754413966
99.9714664155,46.1325656657,0.0072537045994,19.8037381753
100.32462393,45.2984078655,33.877430603,19.8397067381
99.9623323938,46.8120801727,-0.0891145655144,19.8747251913
99.9624323938,46.8121801727,-0.0892145655144,19.910476986
100.418313016,47.2676247719,0.460228915217,19.9500939069
100.229009315,46.2163450903,-0.0733188986215,19.9851447043
100.036337635,46.6937340323,-0.0594054617298,20.0204262648
100.036437635,46.6938340323,-0.0595054617298,20.0538527016
100.036537635,46.6939340323,-0.0596054617298,20.0905496298
100.036637635,46.6940340323,-0.0597054617298,20.1238812111
101.049623065,46.7815558589,0.0282488353944,20.1467951766
101.049723065,46.7816558589,0.0281488353944,20.1805826861
101.049823065,46.7817558589,0.0280488353944,20.2139273295
101.049923065,46.7818558589,0.0279488353944,20.2505897365
101.050023065,46.7819558589,0.0278488353944,20.2872953727
98.7032001775,47.0656316056,0.074283088792,20.3272624812
98.7033001775,47.0657316056,0.074183088792,20.3573363223
98.7034001775,47.0658316056,0.074083088792,20.3774108444
98.7035001775,47.0659316056,0.073983088792,20.4138760765
98.7036001775,47.0660316056,0.073883088792,20.4473889717
98.7037001775,47.0661316056,0.073783088792,20.4840031735
98.7038001775,47.0662316056,0.073683088792,20.5206329253
98.7039001775,47.0663316056,0.073583088792,20.557232821
98.7040001775,47.0664316056,0.073483088792,20.5908135145
98.7041001775,47.0665316056,0.073383088792,20.6273400139
98.7042001775,47.0666316056,0.073283088792,20.6640024208
