79.1120916235,135.289519376,53.541414854,0.0410001277924
79.383423464,134.670615229,53.0200375958,0.0310001373291
79.1064200709,135.389026803,53.5945902605,0.0400002002716
79.2698811928,134.851791569,53.0636584034,0.0429999828339
79.1427869386,134.882459698,53.0631723452,0.0389997959137
78.8855820904,135.343496193,53.3898943207,0.039999961853
78.9805791668,135.035264153,53.1443085224,0.0420000553131
79.3003887569,134.319147817,52.5321021534,0.039999961853
79.2985656424,134.440900641,52.6629033057,0.0420000553131
79.3044995899,134.45286003,52.6913730125,0.0390000343323
79.3256424774,134.333921774,52.6172314973,0.0429999828339
79.251809496,134.158832751,52.4083319016,0.039999961853
79.1179176167,133.75986591,51.9556864302,0.039999961853
78.718316957,134.141827576,52.373876192,0.0420000553131
78.8047038256,133.810471513,52.1787876408,0.0390000343323
79.0497722278,133.123444576,51.6838277872,0.0429999828339
79.1190213474,132.990686537,51.7520461338,0.0390000343323
78.7676322994,133.524810021,52.3621410339,0.039999961853
78.9040030866,132.836082716,51.7697480103,0.0420000553131
78.912067457,132.847831498,51.8032946616,0.0390000343323
79.0702820781,132.319762421,51.2921031573,0.0429999828339
79.052771152,132.457592628,51.4186558705,0.0390000343323
78.7545510942,132.931038011,51.9199368371,0.0390000343323
78.7944514779,132.5730278,51.6179161554,0.0409998893738
78.8758239876,132.167569316,51.3404866259,0.0390000343323
78.5878747816,132.216322159,51.481292407,0.0420000553131
78.494124362,132.294673748,51.8089967828,0.0380001068115
78.5055949277,131.854057362,51.6221339284,0.0389997959137
78.3013218331,131.831962411,51.88671589,0.0410001277924
77.9075902978,132.279399651,52.5372580481,0.0390000343323
79.217997467,128.557531055,48.9897559638,0.0429999828339
78.5863574221,129.226628911,50.1776755451,0.0390000343323
77.855350303,129.79028637,51.3862665465,0.0420000553131
77.5394320422,129.318542894,51.4769441091,0.0380001068115
77.0654196741,129.507669044,52.261306188,0.0380001068115
76.7730551365,129.24222572,52.5289306685,0.0420000553131
76.7059313121,128.556754081,52.3480126347,0.0390000343323
76.276389812,128.775764722,53.0914980677,0.0429999828339
76.2542991274,127.785684761,52.5739371465,0.0379998683929
76.1301391095,127.08652533,52.4668654091,0.0390000343323
75.9464147761,126.625955214,52.6243943406,0.0409998893738
75.9343161292,125.672820332,52.440785965,0.0390000343323
76.0431381566,124.362459749,51.8543764767,0.0420000553131
75.7230974012,124.036914554,52.278124773,0.0390000343323
75.7676091813,123.027596213,51.8301729298,0.0390000343323
75.4511880911,122.855413658,52.3599843724,0.0420000553131
75.3301289886,122.352959305,52.3861783267,0.0380001068115
74.9909689234,122.391067112,53.2286222908,0.0409998893738
74.9467679299,121.585863556,53.054025947,0.0390000343323
75.0455042985,120.633270292,52.8062928143,0.0390000343323
75.1459603264,119.569434289,52.5486648863,0.0410001277924
75.0249823494,119.096342707,52.9393251805,0.0389997959137
75.0543087005,118.348547366,53.0419418389,0.0380001068115
75.2087108957,117.245198649,52.7823031811,0.0420000553131
75.2286127955,116.451440014,52.7449267759,0.0390000343323
75.4082333779,115.528087433,52.5266151308,0.0410001277924
75.4956155499,114.585539251,52.2796369027,0.0389997959137
75.7586021972,113.17159052,51.2769419657,0.0390000343323
75.4888248397,112.847462683,52.0228153188,0.0409998893738
75.2441999936,112.348067257,52.5497378776,0.0390000343323
75.10375396,111.7799105,52.7440281384,0.0419998168945
75.0873777606,110.947653052,52.5208082072,0.0390000343323
74.5933397347,110.678635502,53.6302850491,0.0390000343323
74.3079505991,109.906686269,53.7499258625,0.0420000553131
74.1179267311,109.164524916,53.8909349667,0.0389997959137
73.9069432935,108.542645518,54.0230060399,0.0420000553131
73.75494691,108.252318311,54.3528040275,0.0390000343323
73.8219115607,107.59998281,53.6460577994,0.0390000343323
73.4744553727,108.086205422,54.5989087805,0.0420000553131
73.7854530571,107.325646135,53.3308375401,0.0390000343323
73.7552809159,107.32016239,53.4625889167,0.0410001277924
73.5332007863,107.716034037,54.2287193926,0.0389997959137
73.6452468916,107.02651454,53.5029033469,0.0390000343323
73.169783616,106.446789034,53.7386398609,0.0420000553131
72.958427667,105.016808438,52.7035278235,0.0390000343323
71.9823638724,104.918368913,54.1205738912,0.0409998893738
71.5732642351,104.005285186,53.887787081,0.0390000343323
68.2895942575,108.973005877,62.3558897686,0.0390000343323
67.9116162497,107.973614571,62.069354745,0.0409998893738
67.2568026111,108.333106439,62.9115133153,0.0390000343323
66.8897905729,108.450348662,63.4688353131,0.0409998893738
66.9476556348,108.097010512,63.1752827557,0.0390000343323
67.0352040766,107.9736452,63.241664901,0.039999961853
66.9622102862,108.150498327,63.6873907807,0.0420000553131
66.9408527318,106.812764145,62.616216664,0.0390000343323
66.6999663163,106.234864188,62.1987423158,0.0420000553131
66.5304679371,105.977864361,62.122309391,0.0380001068115
66.2797245781,106.408977518,62.6603668599,0.0389997959137
66.4011640294,106.136129331,62.2167557302,0.0420000553131
65.4240790844,106.338423128,62.9498935431,0.0390000343323
65.003394436,105.44883629,62.1824211478,0.0410001277924
64.8752771996,104.687240402,61.3762603831,0.0389997959137
64.4739675204,104.429647854,61.1050623045,0.0380001068115
64.0700711319,104.175766495,60.9212426622,0.0420000553131
63.9193225956,103.479167432,59.8728231507,0.0390000343323
63.5267602776,103.72537747,60.1243371748,0.0409998893738
63.3876479914,103.753118573,60.0026978801,0.0390000343323
62.8774498311,104.070170609,60.5124303691,0.0390000343323
62.4949056117,104.384570137,60.8722631339,0.039999961853
62.0150373039,103.920856804,60.6542879879,0.0390000343323
60.6396377081,103.507038143,60.7311326095,0.0419998168945
59.12085263,102.796802908,60.6178464218,0.0380001068115
57.7389483549,102.013475661,59.9963588301,0.0390000343323
56.1975499316,101.913353843,59.8047133936,0.0420000553131
54.9772060282,101.91829605,59.5392396027,0.0380001068115
53.6603398557,102.141225049,59.6398930349,0.0420000553131
52.6551176312,102.116376368,59.5936662071,0.0390000343323
51.8378511804,102.340910323,59.6106882779,0.0379998683929
51.2094339014,102.700579867,59.4900231911,0.0420000553131
50.5334393203,103.165855288,59.5846984752,0.0390000343323
50.0437344441,103.357114596,59.6170035126,0.0410001277924
49.1178751507,104.068256608,59.894657871,0.0389997959137
48.5989668879,104.3452556,59.4612824028,0.0390000343323
48.1956645718,104.65792992,59.2531446636,0.0420000553131
47.9102635169,104.672903143,59.1120516741,0.0390000343323
47.4726338319,105.073583724,59.5388020052,0.0420000553131
47.4308365928,105.170919878,59.4660382414,0.0390000343323
45.3816735848,105.463414232,61.7410531034,0.039999961853
46.4070594902,105.105293205,60.3829733805,0.0419998168945
46.5197508316,105.249721647,59.6186076877,0.0380001068115
46.1029512098,105.573937522,59.2473191395,0.0419998168945
45.3771874557,106.08138557,58.9885617577,0.0390000343323
44.3266313001,106.89080278,58.9421844749,0.0390000343323
43.1821959892,107.495654395,58.681329336,0.0420000553131
41.7804000798,108.53798735,58.6698234558,0.0380001068115
40.6208413004,109.451356911,58.4965896939,0.0420000553131
39.2374202145,110.454933918,58.4350282941,0.0390000343323
37.7038206626,111.667698747,58.5378107229,0.0389997959137
36.3905719318,112.816384686,58.4792477438,0.0410001277924
35.1356607422,113.813823285,58.3040907646,0.0390000343323
33.8802856492,115.157688595,58.1371534302,0.0390000343323
32.5404297665,116.547117593,58.1787844043,0.0409998893738
31.4752209317,117.785681997,57.9023189112,0.0390000343323
30.3650419339,119.123052991,57.7367571613,0.0420000553131
29.4526218371,120.163021173,57.393049504,0.0390000343323
28.6656589271,121.240355735,56.993413164,0.0390000343323
27.8023522292,121.920196727,56.7249547588,0.0420000553131
27.2039322756,122.345453437,56.347906089,0.0380001068115
26.2816115806,123.288302891,56.2863006586,0.0419998168945
25.7748436759,123.89865269,56.0536867113,0.0390000343323
25.0509950861,124.694757172,55.9661635636,0.0379998683929
24.3195424556,125.432867859,55.8651310731,0.0420000553131
23.5834681595,126.509122002,55.7832130699,0.0389997959137
22.7692188079,127.404007682,55.6483580458,0.0410001277924
22.2098701303,127.794942627,55.4562624002,0.0390000343323
21.6807141578,128.455389159,55.3593773376,0.0390000343323
21.2332186034,129.507315251,55.2822302799,0.0420000553131
20.5243019472,130.872671118,55.2800425853,0.039999961853
20.352519625,131.200602375,55.1690208982,0.0410001277924
20.1499778042,131.970778816,55.0080234874,0.0400002002716
19.5879602622,132.738349739,55.0164334339,0.0390000343323
19.0618555735,133.555233322,55.0016113684,0.0429999828339
18.8764161713,133.898948309,54.9489427716,0.0380001068115
18.7660056558,133.745751626,54.9920943086,0.0409998893738
19.0950336349,133.091405853,54.9524550148,0.0390000343323
18.9359377964,133.318104487,54.9733355901,0.0379998683929
18.7538247473,133.643372019,54.9729454787,0.0420000553131
18.8588632421,133.942805412,54.8634990397,0.0390000343323
18.5998092012,133.593035758,54.9712494794,0.0420000553131
17.9980836411,134.162723772,54.9893517865,0.039999961853
17.5768236073,134.45376949,54.9848215651,0.0390000343323
17.1678496529,135.15254332,54.8400839791,0.0420000553131
17.2310573393,134.913742228,54.6843034683,0.0379998683929
16.7565201951,135.270425648,54.6409802139,0.0420000553131
16.6841701823,135.211769538,54.5822442512,0.0390000343323
16.4059210951,135.501672297,54.5416974294,0.039999961853
16.530634612,135.246193567,54.5087055542,0.0420000553131
16.135016218,136.329213335,54.3902644521,0.039999961853
15.5369710842,136.405279711,54.6757522248,0.0400002002716
14.4826637577,136.206692387,55.2416955178,0.0390000343323
14.193536998,135.149353523,55.7265414725,0.0420000553131
13.5185026322,135.87295998,55.8548058108,0.0379998683929
13.2090189139,135.774333347,56.0361027619,0.0380001068115
12.6122500986,136.80257572,55.9986316294,0.0420000553131
12.2749908624,137.499743289,55.9665422496,0.0380001068115
12.1274119595,137.046997243,56.2605133061,0.0409998893738
11.8234990355,136.827249198,56.6626240438,0.0390000343323
11.3782330001,136.923437962,57.0221484219,0.0390000343323
10.6411411794,137.289180047,57.3667377819,0.0419998168945
10.1944880291,137.481098292,57.6652354238,0.0390000343323
9.56643754719,137.76157389,57.9176560527,0.0409998893738
9.21106050029,137.635850396,58.1966386827,0.0380001068115
9.33534449106,137.232960541,58.3949995043,0.0390000343323
9.07739784415,137.41409122,58.491089568,0.0420000553131
9.08032975744,136.802532178,58.8815222833,0.039999961853
8.120798534,136.983935048,59.372094839,0.0409998893738
7.61294888665,135.661938955,60.2086358864,0.0409998893738
7.19314220482,135.105942801,60.7165755192,0.0390000343323
6.33935822764,135.308339779,61.0146543181,0.039999961853
5.09456860696,134.806614051,61.2951020497,0.0390000343323
3.950608257,133.343574517,61.5562086727,0.0419998168945
3.38005293683,132.0245824,61.764075127,0.0360000133514
2.34295121896,130.892015684,61.9107114773,0.0380001068115
1.27399109596,130.396367162,61.9689837704,0.0409998893738
0.849406744879,130.393326861,61.9849061252,0.0390000343323
0.248439997454,130.627795056,61.9427973408,0.0390000343323
-0.100463307668,130.512797321,61.948132813,0.0410001277924
-0.502856349918,129.571044608,62.0341700695,0.0390000343323
-0.759103408386,128.618687009,62.134745443,0.0420000553131
-1.38375439931,127.666874736,62.2214891435,0.0379998683929
-3.16926360555,126.782962011,62.1767324003,0.0400002002716
-4.61561657393,126.898706204,62.0653110686,0.0420000553131
-5.48738901097,125.922675398,62.0418081495,0.0379998683929
-6.89605981105,125.323409836,61.9515785696,0.0390000343323
-8.37005123502,124.95191768,61.7913669418,0.0420000553131
-9.00215985883,124.220938973,61.7589478608,0.0390000343323
-9.27546742372,123.680599376,61.7221191299,0.0419998168945
-9.15635786745,123.286745896,61.7789847488,0.0390000343323
-9.2473506285,122.385663375,61.8225793968,0.0390000343323
-9.82726011042,121.417478057,61.8075515399,0.0420000553131
-10.6964851343,121.265548908,61.7651549203,0.0390000343323
-11.5811957798,120.915642545,61.7024842667,0.0390000343323
-12.2257520624,120.35852281,61.7048701623,0.0420000553131
-12.9797759938,119.884144203,61.6303206872,0.0389997959137
-13.2905678633,119.746098824,61.6665870036,0.0420000553131
-13.792263614,119.238910231,61.6091923845,0.0379998683929
-15.0147923586,118.724719783,61.3391028017,0.0390000343323
-15.6506337741,118.113969648,61.2914500656,0.0409998893738
-16.512871522,117.109008133,61.0907938928,0.0390000343323
-16.8324141111,116.463109673,61.0803507114,0.0390000343323
-17.073407989,115.736471758,60.9900177503,0.0409998893738
-17.2588919227,115.669931825,60.983377458,0.0390000343323
-17.5573556798,115.295361042,60.8767832117,0.0420000553131
-18.0336070401,115.053260707,60.8315537315,0.0390000343323
-18.7516261208,114.525146201,60.6923966392,0.0390000343323
-18.9002310463,113.722589513,60.7591755412,0.0420000553131
-19.5062701286,113.710239331,60.7534971125,0.0379998683929
-20.2585682558,113.568044241,60.5139023801,0.0390000343323
-20.7749933474,113.282406731,60.3692748748,0.0409998893738
-20.5443989829,112.560421244,60.5186291566,0.0390000343323
-21.737955858,111.68074038,60.0522070896,0.039999961853
-22.4482666584,110.840830017,59.8799218312,0.0409998893738
-22.1495570459,109.94165723,60.1073779191,0.039999961853
-23.3788899312,109.165459128,59.5949678511,0.0419998168945
-23.8148154257,108.26397415,59.4620753318,0.0380001068115
-24.0749281421,107.334480798,59.4179566982,0.0390000343323
-24.6821122995,106.321451614,59.1478633308,0.0420000553131
-25.0669016391,105.763609093,59.0233294822,0.039999961853
-26.0132774932,105.17612848,58.4701876335,0.0379998683929
-26.5730956606,104.633636713,58.1555886819,0.0409998893738
-25.8973123963,104.434280004,58.6493048779,0.0390000343323
-25.6533068183,104.078460701,58.7499271541,0.0409998893738
-24.8383039226,103.906256665,59.2508363252,0.0390000343323
-25.4087682286,103.513799166,58.961759061,0.0390000343323
-17.0545290694,103.73884189,63.1921011485,0.0429999828339
-22.7195563177,102.884510294,60.7788137516,0.0379998683929
-25.5014986725,101.939353445,59.1601816948,0.0390000343323
-26.4475748101,101.613723594,58.6469492483,0.0420000553131
-26.3965944906,101.264961665,58.7954706142,0.0389997959137
-26.6538853603,100.976156986,58.7275241726,0.0420000553131
-27.4761892924,100.878098733,58.3040547568,0.0379998683929
-29.167615972,100.489715879,57.1859555674,0.039999961853
-28.8880847995,100.284011313,57.433097108,0.0409998893738
-28.7439903866,100.091861498,57.6455203153,0.039999961853
-28.5920828563,99.1527763127,57.9345313138,0.0390000343323
-29.0267303439,98.3474963082,57.8087920623,0.0409998893738
-29.8680905492,97.6106947653,57.4017347099,0.0390000343323
-30.3021494395,96.9494514393,57.2549588369,0.0409998893738
-29.6338290536,96.5605792633,57.8447254228,0.0380001068115
-28.6458600312,96.1058268746,58.7298780411,0.0389997959137
-28.02711781,95.5704131181,59.1592830041,0.0410001277924
-28.6497207957,95.2333866458,58.766969594,0.0400002002716
-28.7380366306,94.8891755817,58.7252933811,0.0380001068115
-28.324056445,94.5200468668,59.0210903896,0.0420000553131
-29.2340091358,94.0990838477,58.393804249,0.0390000343323
-29.4537789074,93.4773402968,58.0557851588,0.0400002002716
-27.8856937609,93.0054933557,58.992655935,0.0390000343323
-27.3056473353,92.604351169,59.2368359904,0.0369999408722
-27.1910030993,92.3052051444,59.1776273371,0.0420000553131
-25.7460242954,92.163625677,59.9400213774,0.039999961853
-25.6363268159,92.0180070859,59.9705679998,0.0369999408722
-24.3210101953,91.9463660391,60.7676795032,0.0420000553131
-24.1705294804,91.6083465768,60.7667246483,0.0379998683929
-22.9420448193,91.2177621059,61.4873511702,0.0390000343323
-22.8326715753,90.6824251988,61.4712483793,0.0409998893738
-23.8317562333,90.4032043259,60.9773830552,0.0390000343323
-23.3889357621,90.2813553018,61.3821879695,0.0419998168945
-23.2367652991,90.0408009007,61.6417357468,0.0380001068115
-23.2175188276,89.7429678412,61.9089678621,0.0390000343323
-23.3957797373,89.6162347119,62.2080153077,0.0420000553131
-23.4476999806,89.4084344109,62.4460705645,0.0380001068115
-22.9363112801,89.1317617308,62.8026908391,0.0390000343323
-22.9260646359,88.8216826224,62.8551470533,0.0410001277924
-24.6690727953,88.4024983385,61.8771875297,0.0389997959137
-25.7464881257,87.9607143864,61.2199743111,0.0390000343323
-26.2426167358,87.6517175829,60.9607331983,0.0409998893738
-26.1049139484,87.2993763864,60.9173319,0.0390000343323
-25.4500587283,87.0061911803,61.3001973583,0.0419998168945
-25.2773406198,86.8469356152,61.5434225724,0.0380001068115
-24.2462842338,86.9436142949,62.4969801629,0.0390000343323
-25.4435990862,86.7532249491,62.0397627501,0.0409998893738
-24.1715656136,86.4414640183,62.9423392398,0.0380001068115
-23.3450542856,86.1085145722,63.5986293973,0.0390000343323
-23.4372133566,85.5403509849,63.7040499625,0.0420000553131
-23.3923011261,85.0698383351,63.8335983961,0.0369999408722
-22.9472260557,84.7783183425,64.2995173245,0.0420000553131
-23.0220164992,84.267687522,64.3245222622,0.0390000343323
-22.827051181,83.8744339748,64.453160643,0.0380001068115
-21.9908377311,83.3991502852,64.9472902971,0.0419998168945
-22.4805531528,83.0675051986,64.896648213,0.0390000343323
-22.089256176,82.6524438718,65.194079571,0.0390000343323
-22.1238924655,82.1431469247,65.3849274935,0.0420000553131
-22.2367923883,81.2908888625,65.2383701585,0.0379998683929
-23.6920631077,80.5435862769,64.3840728533,0.0390000343323
-22.525093317,80.2951625852,65.1100637101,0.0410001277924
-22.5707088783,80.1719457033,65.2429569567,0.0360000133514
-22.0299405125,80.2397721016,65.8183221837,0.0420000553131
-21.3987458933,80.3465026194,66.3194462191,0.0379998683929
-19.8774354566,80.3949728983,67.1083398016,0.0390000343323
-19.7582817819,80.2335634211,67.2602702341,0.0409998893738
-20.5041123942,80.156533723,67.0668019976,0.0390000343323
-20.2965390176,79.9692283131,67.1209154835,0.0379998683929
-20.2174108739,79.6910671515,67.0920609037,0.0420000553131
-20.0740974376,79.7602346305,67.3265448416,0.0389997959137
-19.0903042337,79.4909644152,67.8308594754,0.0429999828339
-18.4203195555,79.202174717,68.087500819,0.0390000343323
-18.5954552576,78.8461926347,67.9463032694,0.0379998683929
-19.5748942703,78.3792738859,67.5258959313,0.0420000553131
-18.5620118682,77.9921570785,67.9117528629,0.0390000343323
-19.1041180657,77.6116353349,67.6059557416,0.0380001068115
-19.5354063165,77.0936756069,67.3293992001,0.0419998168945
-18.1580280012,76.6750354179,67.9340310145,0.0390000343323
-17.8285769357,76.1916431413,68.0632901975,0.0390000343323
-18.4366382139,75.7355773046,67.8559116105,0.0420000553131
-19.8805828447,75.1115328622,67.0881105398,0.039999961853
8.97868265422,74.8363323278,70.3953979513,0.0450000762939
8.22429322719,74.6327884366,70.5919996679,0.0360000133514
9.40617926848,74.3984642665,70.4143439056,0.0390000343323
9.20771261935,74.1198050566,70.4021832531,0.0420000553131
-16.0159715421,73.7984400954,68.5941174947,0.0389997959137
-14.4096511386,73.7406727312,69.1329046716,0.0380001068115
-15.3387632222,73.597516029,68.8456835348,0.0419998168945
-15.6090639378,73.5194243594,68.7231595854,0.0390000343323
-14.1529733482,73.5043347123,69.1958857849,0.0420000553131
-13.5590780243,73.3756665482,69.2742841787,0.0380001068115
-12.6637333108,73.2924998215,69.5012494894,0.0389997959137
-10.7878748988,73.1243592931,69.8357399666,0.0429999828339
-10.1995177884,73.0021867671,69.9093744855,0.0390000343323
-8.52387526039,72.8680246805,70.2190454292,0.0380001068115
-6.48884427923,72.8047654596,70.6084822481,0.0420000553131
-6.10936832791,72.8650135942,70.6758247367,0.0379998683929
-5.53437364994,72.9243909516,70.776299797,0.0410001277924
-4.84256575319,72.9885038657,70.9552094548,0.0390000343323
-3.80815344943,73.065083594,71.0768884184,0.0390000343323
-2.64392710045,73.2499944978,71.2897352799,0.0409998893738
-1.96032580388,73.3149117464,71.4019876489,0.0390000343323
-1.4586648336,73.4085352608,71.4764127322,0.0389997959137
-0.0407499689534,73.4292431088,71.5273869237,0.0420000553131
0.142319337665,73.4021432787,71.5095612006,0.0390000343323
-0.211451954618,73.4748604511,71.6088308717,0.0420000553131
-1.08739124135,73.5110549577,71.7335486799,0.0390000343323
-0.827775441015,73.5017132337,71.8282051927,0.0390000343323
-0.518250537399,73.5131358877,71.9745909598,0.0409998893738
1.81040218639,73.5328418833,72.0977121759,0.0390000343323
3.09126087885,73.5992368348,72.3284614726,0.0390000343323
3.36662403563,73.578802424,72.3780701504,0.0409998893738
5.09340892906,73.6682027118,72.4466000073,0.0390000343323
5.52859404351,73.7542385297,72.6678981808,0.0420000553131
6.67334046434,73.8051858749,72.8857496523,0.0370001792908
6.97560022554,73.77661985,73.2126490878,0.0379998683929
9.39954099676,73.6743429419,73.457455717,0.0420000553131
12.088286537,73.6461323951,73.4062295195,0.0390000343323
14.5903587937,73.5272298291,73.3338224708,0.0409998893738
15.5097040558,73.2896343537,73.4459161828,0.0390000343323
16.4715853207,73.0461715741,73.3661202035,0.0390000343323
17.4358746788,72.7615988192,73.3152727873,0.0420000553131
17.1825005642,72.4526637819,73.6453071577,0.0389997959137
17.8974172982,72.0228936722,73.5132986771,0.0390000343323
18.6695589633,71.4962713575,73.5029815869,0.0409998893738
19.0782671973,70.9468743934,73.5958784591,0.0390000343323
18.3173212615,70.4837646901,74.0649005306,0.0419998168945
18.231056659,69.985673117,74.4035619519,0.0390000343323
19.5634334951,69.3645687223,73.976082847,0.0390000343323
35.7464969303,68.5936870651,64.5541768912,0.0419998168945
35.6933342082,68.1484734894,64.8427875406,0.0380001068115
35.7065390029,67.6807650575,65.12405719,0.0409998893738
36.4815750488,67.1564714284,64.8070582369,0.0390000343323
36.0910719845,66.6944785986,65.6435746782,0.0390000343323
36.7951101521,66.2142609647,65.5220671823,0.0410001277924
37.1390948964,65.8205519847,65.765974363,0.0389997959137
36.4962737781,65.5198411783,66.8617409225,0.0420000553131
36.490391424,65.2260139915,67.1759799069,0.0390000343323
37.1284400788,64.9594576189,67.0522424439,0.0390000343323
38.0225961402,64.647739826,66.6042619183,0.0420000553131
37.5266342008,64.2053628084,67.4726084269,0.0390000343323
37.5811984544,63.7076089269,67.8806999162,0.0410001277924
37.2360467394,63.302554167,68.6361575519,0.0389997959137
37.2347518874,62.8920575967,69.0892627125,0.0390000343323
37.7420367144,62.6411668124,68.9960003733,0.0409998893738
37.9381688884,62.5723584722,68.8404488351,0.0390000343323
38.2123433941,62.7202041253,68.6395489716,0.0419998168945
38.1879763435,62.9147320538,68.857490943,0.0380001068115
37.0548254637,62.9625751959,70.0144513865,0.0390000343323
37.3264342707,62.9020085633,69.9546576647,0.0419998168945
37.7038983592,62.8466093768,69.8395409662,0.0390000343323
37.8143583964,62.6203050999,69.7620662029,0.0409998893738
37.947674922,62.3742594334,70.1472140862,0.0390000343323
37.9575063244,62.0769930251,70.4570841923,0.0390000343323
38.1841372768,61.6343456736,70.7753733946,0.0420000553131
38.5051355656,61.1693483839,70.8031354695,0.0389997959137
38.5911737379,60.8390628651,71.0002364071,0.0420000553131
38.2671858711,60.6695812033,71.3060243572,0.0379998683929
38.4945563446,60.5443993173,71.1216959868,0.0390000343323
38.1078041019,60.5566945654,71.6499815964,0.0409998893738
36.9941322759,60.6978272207,72.5393481854,0.0390000343323
37.7098534441,60.8463047155,72.1481712158,0.0420000553131
37.5885748576,60.6519330081,72.546161344,0.0389997959137
37.3017899932,60.623281524,73.2820426131,0.0390000343323
37.2867719188,60.7265975456,73.420165608,0.0409998893738
37.3643959248,60.5472611801,73.9580321171,0.0390000343323
37.142017764,60.6504010093,74.581600422,0.0409998893738
37.5108698884,60.5257867459,74.6657129674,0.0369999408722
37.2487189292,60.247788828,75.0069299261,0.0390000343323
37.1385420506,60.2097647544,75.2734668227,0.0409998893738
37.3729443707,60.1005821371,75.3581529578,0.039999961853
38.2007816691,59.9822673856,74.8869468437,0.0379998683929
38.76690401,59.7218489557,74.8672501087,0.0410001277924
38.5666348686,59.2019607788,75.3828350298,0.0389997959137
38.656526851,58.5244335371,75.6569246907,0.0420000553131
39.3141257509,57.6466487274,75.490983938,0.0390000343323
40.2521887237,56.813689856,74.978477636,0.0420000553131
40.3455192774,56.0804400837,75.1246172884,0.0390000343323
40.9456526499,55.5725546098,74.7920175056,0.0379998683929
41.2616887383,54.858457604,74.7768168617,0.0409998893738
42.2438954977,54.2693729767,74.2183286756,0.0390000343323
42.5756824858,53.5211745569,74.1893247013,0.0410001277924
42.4487120767,52.4633704912,74.7662191846,0.0389997959137
42.0701548693,51.5943290339,75.3058185741,0.0390000343323
43.3342571509,50.6761765408,74.6657658578,0.0409998893738
43.6721625706,49.8895728865,74.6134808357,0.0390000343323
44.4263736468,49.1472352291,74.0394896973,0.0419998168945
44.6710221056,48.6707739074,73.9676230837,0.0380001068115
44.5481792499,48.1777701168,74.1147353221,0.0390000343323
44.356999205,47.3771214641,74.4880465819,0.039999961853
44.3800122395,46.4970412642,74.7934860341,0.0390000343323
44.6473495803,45.6747227237,74.9159852178,0.0409998893738
44.4892651249,44.8884264355,75.074382574,0.0390000343323
44.7481978852,44.0121391349,75.023071393,0.0389997959137
44.6951232353,43.2251644622,75.2367092932,0.0410001277924
45.5371646584,42.7716249743,74.6144858612,0.0390000343323
45.9719954556,42.1973163958,74.5720992366,0.0420000553131
46.0813876586,41.5985841243,74.9997689261,0.0390000343323
45.7497107176,40.9310176795,75.6036080876,0.0390000343323
46.1633372815,40.5355867976,75.4109726419,0.0419998168945
46.007162266,39.8983806952,75.8326890827,0.0390000343323
46.0641638485,39.4909951725,76.0459792246,0.0420000553131
46.2934848003,39.0520846444,76.0333528066,0.0379998683929
46.5248220484,38.1713807658,76.155519261,0.0390000343323
46.9254714845,37.3364310289,75.9810413028,0.0409998893738
47.0109374283,36.3452840441,76.0821610038,0.0390000343323
47.0493315919,35.4915312722,76.1339870446,0.0419998168945
47.5986777581,35.0328622742,75.887340158,0.0380001068115
48.0916811626,34.6383915854,75.7609864497,0.0390000343323
48.8232770839,34.220258708,75.5644728169,0.0420000553131
48.9379770394,33.5485779598,75.9400010175,0.0390000343323
49.201661133,32.9171666266,76.1188476193,0.0409998893738
49.3047352081,32.4599599352,76.3706203647,0.0390000343323
49.8627588241,32.2527854881,76.0279992782,0.0389997959137
50.3731379321,32.0630348109,75.8976020463,0.0420000553131
51.0455917859,31.7651001954,75.747436416,0.0390000343323
51.7071394967,31.9213641462,75.2400071766,0.0420000553131
52.2804195308,31.7779834921,75.3192416254,0.0390000343323
52.7550484123,31.3541332734,75.6088017259,0.0390000343323
53.6536599119,31.1768684457,75.269128681,0.0429999828339
53.8482789846,30.5030272064,75.997820666,0.0390000343323
53.9799384543,30.2122869088,76.4266606835,0.0420000553131
54.6366256303,30.405418285,75.9759785,0.0379998683929
54.9397222285,30.3974319041,75.8286946439,0.0390000343323
55.1003488019,30.6893198701,75.4841421226,0.0420000553131
55.192862475,30.7072596792,75.1948696126,0.0390000343323
55.3649054203,30.9145845152,74.9921098265,0.0419998168945
56.0101396332,31.2946451813,74.2239589296,0.039999961853
56.3892705391,31.1706470324,74.1594171478,0.0390000343323
56.7969277625,31.1754663853,74.1794055235,0.0409998893738
57.2760465935,30.9344252182,74.360566342,0.0390000343323
58.048228931,30.8586457052,74.0975429105,0.0420000553131
58.5328334968,30.6017266562,74.263881498,0.0390000343323
58.9618867225,30.5361760891,74.3728446805,0.0389997959137
59.3151691903,30.4961122868,74.4123976834,0.0420000553131
59.6673072456,30.5639344205,74.5535735436,0.0379998683929
60.1259930098,30.6395310973,74.4088124254,0.0420000553131
60.1349433365,30.5040277741,74.835512339,0.0379998683929
60.2128636653,30.4860117304,74.8929546171,0.0390000343323
60.6755600107,30.899090149,74.3899321385,0.0420000553131
60.7479225583,30.9188907521,74.5397215481,0.0380001068115
60.581157039,30.6961581008,74.7580206558,0.0420000553131
60.5846629904,31.0309269505,74.6272032829,0.0390000343323
60.5137953938,30.9987235214,74.7140456697,0.0390000343323
60.5636158178,31.1769520313,74.8650622947,0.0420000553131
60.7931798648,31.4497214756,74.4824518949,0.0390000343323
60.7266223126,31.3670047009,74.4022080393,0.0409998893738
61.0290711306,31.5704916008,74.2354902563,0.039999961853
61.5918165514,31.8670677782,74.3169586507,0.0390000343323
62.3382996831,32.2038379539,74.6679368724,0.0409998893738
62.7189792761,32.083004927,75.1161696063,0.0390000343323
63.2430985201,32.7134740189,74.3933010311,0.0420000553131
63.3232542,32.4341771038,74.8526258194,0.0380001068115
63.7139004093,32.5073012343,74.4320771905,0.0419998168945
63.5723113704,32.3550596217,74.8224880261,0.0390000343323
63.0187201008,31.6310177007,75.992391193,0.0400002002716
62.8283478314,30.8722706257,77.1566618569,0.0410001277924
63.17144554,31.3243251288,77.831456644,0.0390000343323
64.3366367594,33.0618223116,77.606040693,0.0420000553131
64.7863043949,33.7369277235,78.1954776248,0.0380001068115
65.2508827982,34.2858226162,78.4035088562,0.0390000343323
65.1785851026,34.1695279098,79.0245712671,0.0420000553131
64.9696779556,34.2489186026,79.3571023052,0.0379998683929
65.0394971128,34.9724595117,78.9014931818,0.0420000553131
65.561919966,35.9510093533,78.1802899897,0.0390000343323
65.9152385653,36.3395567028,78.6650129943,0.0369999408722
66.8888907756,36.9640718169,78.9197715491,0.0419998168945
67.6708559372,38.0049305487,78.5584791431,0.0390000343323
67.6777373628,38.4693707063,78.7672076011,0.0410001277924
68.0483114829,39.0130415135,78.4174688645,0.0390000343323
68.3991221184,39.4381036586,78.5067837289,0.0390000343323
68.3962167798,40.0745832203,79.2152025979,0.0409998893738
68.8347925826,40.8172718076,79.6226145321,0.0390000343323
69.2413673338,41.5489453884,80.1798843427,0.0419998168945
69.7458327885,42.4591444645,80.5438332797,0.0380001068115
70.5638160859,43.461773684,81.0054588168,0.0419998168945
71.2335684371,43.9976068138,82.2969293668,0.0390000343323
72.417161669,45.0168634695,82.3360076506,0.0380001068115
73.8381545149,45.8386443744,81.905789955,0.0409998893738
75.4713873336,46.640255086,81.7374117052,0.0390000343323
76.6659009793,47.4100991407,81.8873405328,0.0409998893738
77.914128425,48.2275018081,81.8059341918,0.0390000343323
79.0472747851,49.3309930288,81.0613723342,0.0419998168945
79.6912404254,50.1198591071,81.0975332122,0.0390000343323
80.5265898791,50.6993619027,80.6566598056,0.0390000343323
80.8701440846,50.9460039999,80.9636153595,0.0420000553131
81.7527976061,51.2066807839,80.9452108147,0.0389997959137
82.5965905924,51.3235489087,80.7054455775,0.0420000553131
82.9864554941,51.5877596703,80.9146314357,0.0380001068115
82.9999259505,51.978842371,80.5337385157,0.0390000343323
82.7174310619,51.7407448183,81.3492498631,0.0420000553131
82.9580799267,51.7281545464,82.0683400877,0.0389997959137
83.4133825684,52.0475035275,81.775660021,0.0420000553131
83.4671009038,52.0351018592,82.0896634547,0.0390000343323
83.8846556354,52.1216774543,82.5256909691,0.0420000553131
84.5945409636,52.9141967807,81.7941400617,0.0389997959137
85.2874985377,53.1947311126,81.5450276881,0.0390000343323
86.215357181,53.3207209825,80.684673647,0.0420000553131
86.6388990156,53.4394198702,80.4540249475,0.0389997959137
86.9741413795,53.8438865198,80.5240006685,0.0420000553131
87.3737856256,53.6294051054,80.3330167705,0.0390000343323
87.039174923,53.2825660266,81.6518021802,0.0390000343323
87.3865692652,53.3832960661,81.287550182,0.0419998168945
87.7060998644,53.0515834162,81.8403735573,0.0390000343323
88.4626212879,52.8400548141,81.9736332711,0.0420000553131
89.30648663,52.987173132,81.3335702518,0.0390000343323
90.2010868077,53.2644022554,80.8578565887,0.0420000553131
91.0419633247,53.3572018721,81.1203988826,0.0379998683929
92.4769477268,53.5579278968,80.8016130431,0.0390000343323
93.1680756492,53.483159863,80.8385213244,0.0420000553131
94.124177755,53.6338538732,80.8741027152,0.0380001068115
95.6862734282,53.9936303505,80.2596574294,0.0419998168945
96.9447752974,54.0130351015,79.3419604957,0.0380001068115
95.2666390597,48.9634610343,88.5311320433,0.0420000553131
95.7890690944,48.9919718217,88.078622308,0.0390000343323
96.867762859,49.8819935272,86.2512274115,0.039999961853
97.4124134951,49.9762003158,86.1972629133,0.0420000553131
98.1639323517,49.6867024519,86.3237068168,0.0380001068115
98.6264306898,49.3508463442,86.5498045666,0.0419998168945
99.3542295865,48.8665627636,86.6944516007,0.0380001068115
100.14999945,47.6071134616,88.1526995581,0.0390000343323
100.696557374,47.4288043499,88.3368661625,0.0410001277924
101.246449948,48.1993164233,86.6955698497,0.0390000343323
101.732840106,48.9774625534,85.2102332166,0.0420000553131
102.30144131,48.9833916254,84.8926710694,0.0390000343323
102.81696881,49.5544013641,83.9287593143,0.0410001277924
103.615984854,47.6338956813,86.7508752756,0.0390000343323
103.762689478,48.1293216741,85.9936071773,0.0379998683929
103.783992287,48.5934778613,84.8012817715,0.0420000553131
104.391411455,49.3783055654,83.3125711347,0.0390000343323
105.201956304,48.7623941818,83.6959741564,0.0420000553131
105.407663349,49.9443004603,81.1661020149,0.0379998683929
105.948994597,50.0159823589,80.3277207331,0.0390000343323
106.638349117,49.0351771053,81.2822388518,0.0420000553131
107.451125175,48.567665792,81.092697428,0.0380001068115
108.024980004,47.2778318238,81.8511009133,0.0420000553131
108.71704333,46.8331606825,82.0934212275,0.0379998683929
109.175445343,46.2407237572,82.2199270477,0.0390000343323
109.76847482,44.0815903953,84.7537343569,0.0419998168945
109.628740155,44.0692680902,83.8812887448,0.0390000343323
110.120410435,43.023691096,84.6744632535,0.0419998168945
110.778274751,42.0411598127,85.6437774237,0.0380001068115
111.047793933,41.3084137689,86.081970267,0.0390000343323
111.54957367,41.21685602,86.0059440782,0.0409998893738
111.788476455,41.3246140383,85.3198762462,0.039999961853
112.438598871,40.6393186388,85.7469641024,0.0420000553131
113.148602145,40.661437727,85.0543252836,0.0380001068115
113.712532175,39.6955648789,85.0667322169,0.0389997959137
114.495427451,38.3934063776,85.9435878497,0.0420000553131
115.018529324,37.2564932294,86.4288953133,0.0390000343323
115.539303373,37.4069494476,85.4566453088,0.0420000553131
115.628584839,37.5077831737,84.6218355014,0.0389997959137
116.055667018,37.3143165124,84.2238492817,0.0390000343323
116.730535567,37.4417944398,83.4312632293,0.0420000553131
117.264730479,36.5771903762,84.0533545905,0.0390000343323
117.805125528,35.7230805824,84.8279679163,0.0420000553131
118.285181044,35.4036066578,84.765354571,0.0390000343323
118.856346617,34.6884919907,85.2160369104,0.0410001277924
119.336835171,34.8345831681,84.3826084664,0.0390000343323
119.948475567,33.5069458526,85.3548603866,0.0390000343323
121.601391706,30.0884352483,88.9852514136,0.0419998168945
122.332030057,29.4999241237,89.2353764669,0.0390000343323
122.957624181,28.635714939,89.8538740974,0.0420000553131
123.866241362,27.8629155483,90.4935248495,0.0390000343323
124.37742995,27.6813354529,90.3032798432,0.0390000343323
124.604574375,27.9315761093,89.7997105667,0.0420000553131
125.137593876,27.6161471725,90.0709722875,0.0370001792908
125.729055481,27.3303758429,90.2286295867,0.0419998168945
126.588020896,26.7774848813,90.7181409854,0.0390000343323
127.066439161,27.0012839352,90.180693189,0.0379998683929
128.287034512,26.3779459688,90.7067675092,0.0420000553131
129.111225887,26.7394920515,90.2215805314,0.0389997959137
129.812566467,26.6414453454,90.0206345263,0.0410001277924
130.615954475,26.3292269953,90.282900408,0.0390000343323
130.926234466,26.5423520255,90.2339710007,0.0390000343323
131.183079645,26.5536927287,90.2499140325,0.0410001277924
131.300803564,26.3375069077,90.8553325909,0.0379998683929
131.284655424,26.5759471707,91.060828258,0.0400002002716
130.701244663,26.8372118084,90.6281570947,0.0400002002716
130.668844168,26.8347517401,90.5587145571,0.0410001277924
130.856367999,26.4468586742,90.6872876003,0.0389997959137
131.3868238,25.5421526178,91.4879430153,0.039999961853
131.157526656,25.8480341877,91.249126372,0.0420000553131
131.397107315,26.1350617966,91.0190703178,0.0390000343323
131.941534904,26.075615342,91.03117861,0.0420000553131
132.681055388,25.6881095702,91.5247446963,0.0390000343323
133.30975753,25.9233781388,91.4121723611,0.0390000343323
133.875120682,26.0320107076,91.1234279795,0.0419998168945
133.934404736,26.5632593889,90.548401712,0.0390000343323
134.623861114,26.9553831764,90.5372116035,0.0409998893738
134.55917273,27.3314675948,90.1724382157,0.0390000343323
134.7608294,27.3758582346,90.1281790006,0.0389997959137
135.28779776,27.360292267,90.2351318793,0.0420000553131
135.538963979,27.5668138913,90.2407707226,0.0390000343323
136.576173161,27.4431881793,90.7761339479,0.0420000553131
136.755981675,27.9721877703,90.1133316894,0.0380001068115
136.999618562,28.2089353666,89.8806870661,0.0419998168945
137.003060107,28.2971628905,89.7277012114,0.0390000343323
137.541410261,28.0665014898,90.0884196219,0.0390000343323
137.794682394,28.4002355889,89.7587718617,0.0420000553131
138.397791787,27.9099505611,90.1209785993,0.0389997959137
138.25478415,27.7315150357,89.8927717766,0.0410001277924
138.18814385,27.3666359148,90.0661890437,0.0390000343323
137.818270263,27.3912942175,89.9176542216,0.0379998683929
137.637853649,27.6814467133,89.8147567444,0.0420000553131
137.810708,27.3866489578,89.9041923972,0.0390000343323
138.242508605,27.6906039477,89.8960668242,0.0420000553131
139.353115969,28.1962464201,89.4306064511,0.0389997959137
140.666267764,29.6192664355,88.2169122153,0.0390000343323
141.40646931,30.8821632062,87.1646521366,0.0420000553131
142.218282948,31.22023498,86.9489825027,0.0380001068115
142.828915839,31.6239036415,86.6590507769,0.0420000553131
142.886120347,31.8189713235,86.3257824016,0.0379998683929
143.234688397,32.3721646508,85.7320524312,0.0409998893738
143.495442743,33.2039619919,84.9718727888,0.0390000343323
144.049921974,33.9703877285,84.0745777779,0.0390000343323
144.950120614,34.6684823886,83.5867644884,0.0419998168945
145.744306813,35.321284575,83.1494436382,0.0390000343323
146.326130937,35.7225887254,82.6125455501,0.0420000553131
146.655378592,36.1467428692,82.1590700884,0.0390000343323
147.092512426,36.4025408048,81.8215663939,0.0390000343323
147.184497124,37.0680060171,81.1472250032,0.0420000553131
147.60854344,37.2994054449,80.9058991052,0.0370001792908
148.231632103,37.6408025672,80.6412651022,0.0419998168945
148.407854402,38.0147251787,80.077567101,0.0390000343323
148.697164812,38.702787212,79.4940784081,0.0390000343323
149.197912986,38.8471997866,79.2035736877,0.0420000553131
149.589645231,38.9005233704,79.0975747585,0.0389997959137
150.055849278,39.462384537,78.6254953764,0.0420000553131
150.496168605,39.8134790138,78.4254030348,0.0390000343323
150.76233131,40.543573969,78.1538619212,0.0390000343323
151.069404233,41.0565410996,78.0454788231,0.0420000553131
151.65703628,41.5870858705,78.1637607612,0.0379998683929
152.169336059,41.7439075183,78.3487954514,0.039999961853
151.828360654,41.9094278141,77.9922656528,0.0390000343323
151.79379833,41.9654457687,78.0362632205,0.0390000343323
151.533596877,42.0810177118,77.8604374312,0.0419998168945
151.593836464,42.4069254605,77.9010689629,0.0390000343323
151.35855747,42.8642493914,77.5320627831,0.0409998893738
151.281960284,43.3253511364,77.4120763475,0.0390000343323
150.989407491,43.8439559661,76.8847969762,0.0389997959137
150.977177966,44.0826005122,76.7762469999,0.0420000553131
150.780857903,44.3096049668,76.4224898054,0.0390000343323
150.536635207,44.6992079172,76.0231460331,0.0429999828339
151.238698899,44.8392338555,76.6195632725,0.0390000343323
151.509502013,45.2314422364,76.6713053097,0.0379998683929
152.351909629,45.8803985125,76.9217317227,0.0420000553131
153.869102944,46.6190676929,77.6256030177,0.0389997959137
154.682645245,47.6719761935,77.4617564635,0.0420000553131
155.954929026,48.5576603415,77.6656363478,0.0390000343323
156.607220604,49.6409364151,77.517072993,0.0410001277924
157.112846806,50.4918016588,77.5716659455,0.0390000343323
157.81743516,51.1803358873,77.5712338863,0.0390000343323
158.369673962,51.8927303826,77.5930511933,0.0420000553131
159.493100223,52.5300137945,77.6693357856,0.0390000343323
159.474920493,53.0815694554,77.1762192849,0.0410001277924
160.186686181,53.9062552466,77.103915229,0.0389997959137
161.074047846,54.7139854223,77.2018226301,0.0380001068115
161.343830846,55.4747658016,76.8506926657,0.0420000553131
161.51244893,56.4860488104,76.4480187965,0.0390000343323
163.093222026,57.6085416936,76.5989340334,0.0409998893738
165.085997207,58.8924733761,76.9720098343,0.0390000343323
166.635805546,59.9929823769,77.0237851429,0.0380001068115
168.327377273,60.9676095897,77.3940546453,0.0419998168945
168.512643739,61.5719046513,77.1029538474,0.0380001068115
169.33192884,61.8914676375,77.407663288,0.0420000553131
169.831033121,62.123667939,77.523235182,0.0390000343323
171.468810414,62.4392604467,78.1245111526,0.0389997959137
171.90614362,62.8007690513,78.1081411758,0.0420000553131
172.34180663,63.1551229,78.2068118215,0.0390000343323
174.736259033,63.3713430758,79.2873494986,0.0420000553131
174.135208179,63.5463927994,78.9143451844,0.0380001068115
174.013076016,63.9220569865,78.7084886939,0.0409998893738
175.156075094,64.7070618566,78.7957796307,0.0390000343323
175.562110373,65.4109049852,78.5253988028,0.0400002002716
177.032200275,65.7505448385,78.6429219208,0.0420000553131
177.783724065,66.0512745054,78.5551996658,0.0389997959137
178.734339348,66.3872869328,78.6169188406,0.0420000553131
178.184921657,66.8526615345,78.0887078251,0.0390000343323
178.285230884,67.105793767,77.8744583976,0.0390000343323
179.849807305,67.244726166,78.3897835458,0.0409998893738
180.408309054,67.3392720463,78.4033453351,0.0390000343323
180.946087952,67.4347415622,78.4751588029,0.0410001277924
182.636719626,67.9297730271,78.7283416503,0.0390000343323
184.453711006,68.4511157972,79.1975474149,0.0390000343323
184.285228169,69.0271442757,79.1362146011,0.0409998893738
183.392696027,69.6373119564,78.9889298734,0.0390000343323
184.460689733,70.3205459418,79.3994333291,0.0409998893738
183.54998502,71.1078904192,79.3964137965,0.0390000343323
183.679683674,71.9033282267,79.8673232761,0.0390000343323
183.32472225,72.5605892162,80.1836935039,0.0420000553131
182.721747067,73.328459607,80.502587004,0.0390000343323
181.986619004,74.2302639279,80.7453085644,0.0419998168945
181.723266312,75.3023799609,81.0229721239,0.0390000343323
179.829075338,76.1523358385,80.6154084531,0.0390000343323
179.149896199,76.9302303718,80.6147734754,0.0420000553131
178.988088146,77.6067427469,80.8008001232,0.0389997959137
178.354634519,78.1676601955,80.7410508114,0.0420000553131
177.612368475,78.7466612036,80.7349077823,0.0390000343323
176.641466573,79.0584335331,80.3337421405,0.0390000343323
176.392305815,79.5996485182,80.404674102,0.039999961853
176.509138974,80.1855251418,80.8095319855,0.0390000343323
175.887898487,80.6472705984,80.9088050981,0.0410001277924
174.539320154,81.1048153402,80.4208893331,0.0390000343323
173.746012518,81.5779395904,79.9719448696,0.0380001068115
173.373323308,82.2638220283,79.8085999211,0.0409998893738
173.089525698,82.9322140389,79.6023087321,0.0390000343323
173.135360131,83.3730901316,79.4207465294,0.0409998893738
173.201946587,83.7172487485,79.2507992421,0.0390000343323
172.556845334,84.1522969081,78.6481132434,0.039999961853
171.933696365,84.4288129996,78.071072221,0.0390000343323
171.54177265,84.7511726263,77.5504270346,0.0380001068115
171.069590121,85.4089049348,77.236140154,0.0409998893738
171.035527574,86.016946763,77.0675758141,0.0390000343323
171.102929414,86.133031108,76.7389592168,0.0420000553131
170.539434416,86.2993048476,76.0629134065,0.0390000343323
170.362402293,86.6424776327,75.8131755895,0.0389997959137
170.275619498,86.8959237904,75.6432196424,0.0410001277924
170.172387037,87.1874936413,75.4187074784,0.0390000343323
170.140764801,87.2734358661,75.1231194927,0.0420000553131
170.087968672,87.5192348996,74.9429680782,0.0379998683929
169.611343144,87.7080715105,74.4657941098,0.0390000343323
169.502848527,88.1113901686,74.291961752,0.0420000553131
169.127957574,88.4467155992,73.9439773802,0.0390000343323
168.736296867,88.7596225035,73.5606539973,0.0410001277924
168.088319003,89.0310076806,72.8834435029,0.0389997959137
167.658922816,89.1893390499,72.322848181,0.0390000343323
168.008350198,89.6913856417,72.4590700113,0.0409998893738
167.563169652,89.7083148465,71.9273232766,0.0390000343323
167.183428903,89.8963779849,71.5257729795,0.0409998893738
167.147748215,90.0917705039,71.280155128,0.0390000343323
167.020756391,90.3348083849,71.0411091654,0.0420000553131
166.497199593,90.3478138566,70.4502893784,0.0389997959137
165.923308332,90.2993705783,69.7624189118,0.0390000343323
165.394296457,90.7486592704,69.4483181553,0.0409998893738
164.482622889,91.105318792,68.9271263426,0.0390000343323
164.173290035,91.6260287434,68.9219459305,0.0419998168945
163.510661507,92.0443784791,68.6670632241,0.0390000343323
163.35053794,92.1346192392,68.4839069636,0.0390000343323
163.10381757,92.3553887028,68.3353810804,0.0409998893738
163.140008894,92.526724384,68.3913576958,0.0379998683929
163.083222405,92.9946268642,68.6119834217,0.0420000553131
162.155850054,93.2770630763,68.1799369574,0.039999961853
161.568255173,93.8665287105,68.2341325679,0.0390000343323
160.848366464,94.4512020215,68.1001195044,0.0410001277924
159.928245999,95.3080752416,68.0344321706,0.0389997959137
159.082643463,95.8775899357,67.9296731584,0.0410001277924
158.573306742,96.6101085198,68.2648493458,0.0390000343323
157.515018074,97.0652663969,68.0690087808,0.0390000343323
156.653728198,97.4148102109,67.9747961721,0.0420000553131
155.66052755,97.7920787816,67.7729303565,0.0390000343323
154.799326432,98.0938669251,67.6026569771,0.0410001277924
154.025687651,98.6256875828,67.5420931817,0.0389997959137
153.375583809,99.0572873334,67.6173256678,0.0380001068115
152.570150563,99.6684409612,67.4989467103,0.0409998893738
151.841857747,100.382446215,67.5590974714,0.0390000343323
151.340741354,101.295207964,68.0495298645,0.0419998168945
150.536363625,102.26882041,68.2328293077,0.0390000343323
149.555788699,102.823812906,68.174704353,0.0400002002716
148.277918836,103.24249009,67.7815317816,0.0390000343323
146.718325276,103.238181041,66.8451589585,0.0390000343323
145.920690973,104.320874372,67.1748671041,0.0409998893738
145.025699426,105.143555091,67.2321511805,0.0390000343323
144.399645644,105.990968045,67.3894794276,0.0419998168945
143.856315778,106.966347785,67.6239069783,0.0380001068115
143.347445124,107.951098924,67.9338333272,0.0390000343323
143.933535393,109.536641452,68.2225736052,0.0420000553131
143.135958702,110.432692785,68.7929226917,0.0390000343323
142.008129877,110.923524077,68.5239674928,0.0420000553131
141.236653756,111.660892733,68.5823813847,0.0390000343323
140.501559121,112.68604154,68.8268048824,0.0390000343323
139.726850188,113.948662601,69.0215508363,0.0410001277924
138.752842636,114.407342044,68.6166533243,0.0389997959137
138.118804047,115.718225259,69.0208805379,0.0410001277924
137.336293634,117.14934522,69.5069563802,0.0390000343323
136.008872731,117.35867636,68.8547096159,0.0390000343323
133.967510158,116.273470697,66.9618557393,0.0420000553131
132.990287624,116.996240341,66.8878920783,0.0390000343323
132.172548741,117.519381423,66.6459580148,0.0420000553131
131.524889036,118.46489611,66.9825884536,0.0390000343323
130.7209865,118.891728171,66.8460292415,0.0390000343323
130.017107996,119.604270806,66.8532060068,0.0420000553131
129.51112503,120.771935558,67.3326138338,0.0390000343323
128.655163321,121.285640817,67.1713800988,0.0409998893738
127.570290417,121.410774795,66.5032773542,0.0390000343323
126.60130851,121.787144389,66.1346684819,0.0390000343323
124.958712493,120.8682966,64.6745249669,0.0410001277924
123.630802682,120.488014448,63.5889241104,0.0390000343323
123.009922425,121.814268135,64.3031285792,0.0409998893738
122.176481098,122.000193675,63.859731637,0.0380001068115
121.563347583,122.597611722,63.7718329534,0.0390000343323
121.135850688,123.516756415,64.0311786096,0.0410001277924
120.964009223,124.372560911,64.2192530839,0.0379998683929
120.884223766,125.452741906,64.6884936991,0.0420000553131
120.76441602,126.044746061,64.6508236685,0.0379998683929
120.792465828,126.927818366,64.8495308126,0.0390000343323
120.552616532,127.539227176,64.7105734641,0.0419998168945
120.432252243,128.038439811,64.5415295129,0.0390000343323
120.17733155,128.147066021,64.0272624283,0.0420000553131
119.85785791,128.315576656,63.6305292287,0.0390000343323
119.968593342,129.0338468,63.8054508279,0.0390000343323
119.657750157,128.890403999,63.1255883221,0.0409998893738
119.18898233,128.425954131,62.2581584392,0.0390000343323
119.251006809,129.21385485,62.2751002168,0.0389997959137
119.496454432,130.14652716,62.2919771794,0.0420000553131
119.49570085,130.71809515,62.0081926583,0.0369999408722
119.546506098,131.523233047,61.8962603749,0.0420000553131
119.384336062,132.029123675,61.5527310044,0.0379998683929
119.285627378,132.737713841,61.4001437879,0.039999961853
118.924580103,133.213567902,60.9837161243,0.0410001277924
118.521082862,133.255196891,60.2085440459,0.0390000343323
118.485110364,133.77121319,59.9474038334,0.0420000553131
118.74121076,134.773456752,60.126443723,0.0389997959137
118.525928095,135.161274767,59.813095435,0.0420000553131
118.177394962,135.038413034,59.0792706089,0.0379998683929
117.972142389,135.452427647,58.751115511,0.0390000343323
117.971894619,136.380713296,58.8466425918,0.0409998893738
117.789090194,136.62327289,58.3806786898,0.0390000343323
117.568784087,136.907056605,57.8515792057,0.0420000553131
117.279348502,137.019555616,57.1883010638,0.0380001068115
116.767463316,137.037964143,56.3932238398,0.0379998683929
116.468128143,137.374049422,55.7470795876,0.0420000553131
116.14567199,137.934619851,55.1647789864,0.0390000343323
115.46580515,138.427457159,54.6134365551,0.0419998168945
114.753947223,138.644403405,54.0855624382,0.0380001068115
113.860369161,138.471745443,53.3729515184,0.0390000343323
113.036810266,138.515180405,53.0273867285,0.0420000553131
112.755047265,138.998648297,53.0736837343,0.0379998683929
112.350285612,139.494736257,53.0928383052,0.0420000553131
111.913469602,139.952536497,53.1505004359,0.0390000343323
111.213320172,139.925754991,52.7059726013,0.0390000343323
110.452851373,140.306233216,52.6877097979,0.0410001277924
109.753363167,140.6421421,52.5628181233,0.0389997959137
108.932938666,141.12427199,52.5258177816,0.0420000553131
108.306400375,141.875753493,52.731286893,0.0400002002716
107.678320453,142.489794033,52.8038243217,0.0390000343323
106.9906403,143.548986095,53.3015961429,0.0409998893738
106.139525775,143.59544572,53.0080865314,0.0390000343323
105.174505804,143.439944686,52.6045377001,0.0420000553131
104.614666485,143.945043066,52.7585575174,0.0390000343323
104.088683478,144.18336964,52.7445730838,0.0390000343323
103.586903709,144.379384545,52.748094308,0.0420000553131
103.034844986,143.749621895,52.1570590439,0.039999961853
102.628176406,143.655738443,52.0085824146,0.0409998893738
102.583447753,143.687095624,51.9697266883,0.0390000343323
102.57908487,143.956409398,52.1436551043,0.0419998168945
102.58437453,144.091906497,52.2452068701,0.0380001068115
102.458167939,144.218719938,52.3333304323,0.0390000343323
102.250378602,144.370226898,52.4327983172,0.0420000553131
102.265437964,144.447296849,52.501725612,0.0380001068115
101.811447858,144.639925611,52.6373718076,0.0420000553131
101.333528328,144.766100889,52.7403468624,0.039999961853
100.414651855,144.789268122,52.8584107784,0.0379998683929
99.3562541871,144.715291912,52.8746654797,0.0420000553131
98.1078599945,144.588957208,52.8494171797,0.0390000343323
96.7029407931,144.780135572,53.0722212953,0.0420000553131
95.298305381,144.990532721,53.2711585708,0.0389997959137
94.4918863103,144.511200779,52.9290921944,0.0390000343323
93.8978511165,144.44434581,52.8481070693,0.0410001277924
93.65420829,144.217994322,52.6844959882,0.0380001068115
93.3891132374,144.19336024,52.7485189657,0.0420000553131
92.9888559234,143.892236598,52.7289696847,0.0379998683929
92.3039571969,143.578969072,52.7661351554,0.0390000343323
91.595007062,143.248682199,52.799672193,0.0419998168945
90.9637364389,142.674789869,52.5846430373,0.0390000343323
90.4711310918,143.222996563,53.2162553265,0.0419998168945
89.8995050389,142.684170704,52.9706683725,0.0380001068115
89.3221590432,141.686679893,52.3785994262,0.0390000343323
88.7886676368,141.170034045,52.1256186572,0.0409998893738
88.7623171067,140.075299845,51.3175540675,0.039999961853
88.2328247237,139.928744546,51.5357733019,0.0420000553131
87.8054602658,139.319839492,51.3945240884,0.0390000343323
87.1969695737,138.691303094,51.3124555869,0.0409998893738
86.801275989,138.014425814,51.0698736415,0.0390000343323
86.2374817241,137.723366532,51.1289876871,0.0379998683929
85.585569575,137.716577192,51.5608252786,0.0420000553131
85.090844148,137.340116962,51.6853789873,0.039999961853
84.7466431414,136.759583573,51.4131545011,0.0420000553131
84.449020434,136.387143103,51.345262698,0.0380001068115
84.259740842,135.891870563,51.2133161142,0.0390000343323
84.0924887301,135.534221202,51.1731708012,0.0420000553131
83.9319374351,134.951878937,50.9217923733,0.0390000343323
83.6873141967,134.332236383,50.6434169812,0.0420000553131
83.3194095979,133.928836187,50.6065180697,0.0379998683929
82.7510235251,134.057481431,51.1331950406,0.0390000343323
82.3649954727,134.012169103,51.4132729513,0.0409998893738
82.0900632593,133.84883197,51.536700846,0.0390000343323
81.691785081,134.182692662,52.0738937662,0.0420000553131
81.5493487575,133.992344501,52.0073662355,0.0379998683929
81.166697399,134.542900347,52.573458845,0.0390000343323
81.3250828746,133.613216805,51.8860053545,0.0409998893738
81.384941147,132.980299958,51.5815648506,0.0390000343323
80.8881676979,132.910532139,51.9716585271,0.0419998168945
80.547614996,132.487605589,52.0958641391,0.0390000343323
79.7399441722,132.791019012,53.0173470402,0.0390000343323
79.4877958712,131.929967008,52.8232615519,0.0409998893738
79.1770664524,131.312456114,52.7566860844,0.0390000343323
79.1441369904,130.138582177,52.159326076,0.0409998893738
79.2271919889,128.858012754,51.420837491,0.039999961853
79.032944387,128.300091462,51.3476930001,0.0420000553131
78.6028674238,128.148543819,51.8136950763,0.0390000343323
78.4337089231,127.678856456,51.9274562638,0.0389997959137
78.4915236821,126.944061812,51.6060757425,0.0420000553131
78.6128256555,126.192954266,50.9519164746,0.0379998683929
78.6790149203,125.853321825,50.7048782229,0.0410001277924
78.5973615565,125.885307948,50.8595565408,0.0389997959137
78.4867718904,125.834768554,50.9148789603,0.0390000343323
78.3236504412,125.781909687,51.1781378907,0.0420000553131
78.2070436365,125.642800298,51.3662993258,0.0379998683929
77.9293633816,125.761142036,51.7924590419,0.0409998893738
78.2244441577,124.708493623,50.933969261,0.0390000343323
78.0333667963,124.34490575,51.0965387483,0.0380001068115
77.8767585985,123.865197559,51.3284856256,0.0419998168945
77.9310351114,122.811420255,50.8897099783,0.0390000343323
78.1120142067,121.297417894,49.7472171409,0.0390000343323
78.1889625871,120.317562523,49.300643524,0.0409998893738
78.1970699394,119.734897554,49.3697593231,0.0389997959137
77.9510943999,119.532494672,49.9269083049,0.0410001277924
77.6701924927,119.419098809,50.5228569551,0.0390000343323
77.799061498,118.377239982,49.7129476309,0.0390000343323
77.7485265977,117.773505037,49.7309548483,0.0420000553131
77.6754844933,117.064609989,49.6472201714,0.0379998683929
77.6518689201,116.343376124,49.3741185279,0.0410001277924
78.2522130144,114.461902363,47.2612753055,0.0400002002716
78.1664435813,114.068840731,47.8849251204,0.0390000343323
78.2226577457,113.149843599,47.7823340654,0.0419998168945
77.9222041087,112.622236294,48.5871900953,0.0380001068115
77.935852044,111.579198467,48.4249827063,0.0420000553131
77.9886655694,110.399637402,47.9845158327,0.0390000343323
78.1799402669,108.731143835,46.3285230607,0.0390000343323
78.4440453162,106.979203813,44.0361702247,0.0409998893738
78.4586604409,105.93072825,43.2262725143,0.0380001068115
78.0556970111,105.860877554,44.7749188932,0.0419998168945
77.4302436635,106.232724779,47.2137330698,0.0390000343323
77.0991198772,105.945826108,47.9996259028,0.0390000343323
76.7858588073,105.354190615,48.353567745,0.0420000553131
76.4620269117,104.770514418,48.7166185438,0.0379998683929
76.3281910455,104.214860726,48.511042479,0.0420000553131
76.0553515158,104.254828896,49.3306289868,0.0390000343323
75.7613316084,104.561220321,50.2026766989,0.0390000343323
75.7991394294,104.553166799,50.2281875425,0.0409998893738
75.83668295,104.39727496,50.012151225,0.0390000343323
75.7795256277,104.531273895,50.2865249564,0.0420000553131
75.740810159,104.656402036,50.6848476006,0.0390000343323
75.8909645144,103.735185524,49.7147730219,0.039999961853
74.8327750094,102.834708069,50.3006564039,0.0419998168945
73.6416955177,101.717293567,51.3345934282,0.0380001068115
73.0403443408,100.857973652,51.6245252669,0.0390000343323
69.4296875871,106.49120126,62.3181407079,0.0419998168945
69.0357012165,106.405909243,62.6796719633,0.0380001068115
68.7755821706,105.605278001,62.4552602403,0.0410001277924
68.4348774513,104.232551421,61.8660346432,0.0390000343323
67.7589312807,102.844907594,61.7027248408,0.0379998683929
67.4423138808,101.256644968,60.4124091594,0.0420000553131
67.0091293652,100.725554604,60.3344273236,0.0390000343323
66.5411749865,100.553054109,60.6326603656,0.0429999828339
66.2968366295,100.476236349,60.7436717587,0.0389997959137
66.2230825994,100.142828184,60.414863227,0.0390000343323
65.971268056,99.7606811392,60.2675416803,0.0420000553131
65.9917645839,98.8656385941,58.6556246402,0.0390000343323
65.1474690425,98.9469073534,58.9898992623,0.0420000553131
64.3734013888,98.9969316372,59.016662351,0.0390000343323
63.6127060407,99.607336549,59.7941942627,0.0380001068115
63.2924427012,99.46044825,59.8386211942,0.0419998168945
63.2324801343,99.4375368949,59.6865865228,0.0380001068115
63.2912697499,99.2132917691,59.3787114883,0.0409998893738
63.0025960009,99.3251169585,59.6266942699,0.0390000343323
62.1825876681,99.4328895455,59.7137401398,0.039999961853
61.7618818629,99.4095695585,59.4419064465,0.0420000553131
61.6149357092,98.9805375504,58.6608807335,0.0390000343323
61.2775787393,98.6800340414,58.1488858722,0.0410001277924
60.7414822557,98.8534967826,58.4958494475,0.0390000343323
60.4244812638,98.8646761799,58.2990397338,0.0379998683929
60.260299522,98.8341638627,58.1310809162,0.0420000553131
60.0600440403,98.8253923817,58.2041596442,0.0390000343323
60.1454385204,98.7227196993,57.951147652,0.0420000553131
60.1968096039,98.454028189,57.6668652126,0.0389997959137
60.0375688598,98.5523707732,57.7959917139,0.0390000343323
60.1012679742,98.4210802826,57.5849819366,0.0420000553131
60.2564787705,97.9720815621,57.1189759648,0.0390000343323
60.375110697,97.919264936,57.1272928261,0.0409998893738
60.1619480317,98.2374742437,57.701911859,0.0390000343323
59.8349778669,98.7909886869,58.6333366403,0.0390000343323
59.6741188713,99.0384642087,59.0871140197,0.0419998168945
59.703269686,99.1430491223,59.1842195452,0.0390000343323
59.8135001156,99.0791436074,59.0408736698,0.0409998893738
59.5298170861,99.3764631549,59.6705841388,0.0390000343323
59.7977866948,98.7973281149,58.8257267171,0.0389997959137
59.6681396637,98.9413899209,59.116970694,0.0410001277924
59.8848100776,98.6379962932,58.5121141797,0.0390000343323
59.7011415648,98.6699979592,58.8902179359,0.039999961853
59.9631463409,98.5375762186,58.4907186134,0.0390000343323
59.7605218421,98.6143623864,58.8820550538,0.0389997959137
59.6963186284,98.665278993,59.1413569743,0.0410001277924
59.7619713229,98.587461644,59.2053085277,0.0390000343323
59.7842149376,98.6502356617,59.3872332441,0.0410001277924
59.8752405632,98.3996804683,59.1824563338,0.0379998683929
59.9187927828,98.2736918297,59.0405138418,0.0410001277924
59.7304860409,98.3777016146,59.3044878521,0.0390000343323
59.6843158048,98.4607528066,59.4168784709,0.0379998683929
59.7336869359,98.5062717834,59.4826082522,0.0420000553131
