11.3453465453,2.94580833456,155.446647378,0.0324512584201
10.998941873,3.10573214923,155.350313053,0.0734297662805
10.3641468021,2.61624796448,155.246277134,0.114932343708
9.95978141375,2.00503717143,155.162559574,0.159297553948
10.265603298,2.29622982967,155.326352738,0.200749435031
10.3133189597,1.90387202871,155.263006681,0.245027559528
10.3863993524,2.19334531249,155.383869522,0.286574301868
10.6561118562,2.43077973634,155.38796862,0.3280678597
10.6200256425,2.31969609169,155.071869337,0.372462305869
9.59481309567,1.66021749772,154.836337292,0.413895525721
9.27896693898,1.64819084718,154.792459369,0.45814472531
8.87883947022,2.07059823567,154.701071941,0.499574523936
8.7109054425,1.52945545382,154.912708276,0.541040400943
8.3767409805,1.47468839773,155.152608755,0.585355847901
8.46472931277,2.15968620159,155.50123755,0.626953597605
9.16718921058,3.2123754788,155.709736163,0.671124731045
10.1524657591,3.14550684108,155.85095311,0.712660276647
10.325221844,3.28716685789,155.501101465,0.754051197709
10.2037795752,3.46114038963,155.502686648,0.777850798483
9.97964412221,3.65006075535,155.331936938,0.81927468772
9.26097258502,2.87522223215,155.378890737,0.860632329587
9.00886330527,2.26882478748,155.366362053,0.904856958555
9.58889036438,2.12632607433,155.469353161,0.946429826619
10.1433501912,2.40300350282,155.37104139,0.990683069474
10.5301963376,2.54021373613,155.384005145,1.0321355726
10.8474002049,2.31589852075,155.290727646,1.07640965383
10.457703754,2.2715047516,155.401785937,1.11810319785
10.8094171631,1.49392773318,155.262026579,1.1594711034
10.7304603112,1.81847562314,155.272349718,1.20366556337
10.5155356346,1.76650567425,155.387402392,1.24541882333
10.2430546103,1.56715581973,155.53126847,1.28957938208
9.65798070489,0.930095250723,155.449024264,1.331104664
9.72719097988,0.545141081644,155.475909136,1.37234629522
9.82923283959,0.763283409057,155.318044955,1.41680512263
10.0029730733,1.05807606898,155.11190193,1.4584902691
10.1200057543,1.38760271159,155.128043747,1.50257182863
9.65934322799,0.821433078271,155.106281966,1.54410146484
9.7408366173,1.18067274251,155.171144071,1.58538477281
10.2471020434,1.42583432481,155.463360729,1.62990487127
10.4940531398,1.36529974462,155.229323386,1.6713256503
10.9229410617,1.35818429478,155.157319888,1.71568370707
11.2287603871,1.2460657224,155.302017947,1.75714678489
11.2621321102,1.16360568486,155.475378999,1.79867611008
11.3023631572,1.16578734022,155.547650406,1.84291286885
10.665694142,0.403490007552,155.656991914,1.88437065932
10.9072263932,0.516532413095,155.474998934,1.92859466625
10.6542250976,0.484607059538,155.21668567,1.9701249245
10.2825924816,0.63860766623,154.891682906,2.01164585214
9.99950515784,0.313597491435,154.956023901,2.05571994718
9.21680133099,0.328927539506,154.955864465,2.09754038757
8.86799115453,0.914851288709,155.291062234,2.1415840026
8.89709452443,0.624013105201,155.135955938,2.18307880451
9.2015343175,0.752623773358,155.002283871,2.22741757801
8.69257130766,0.430181957005,154.918922421,2.26879730233
8.07749645295,-0.143419762705,154.641922008,2.31040469367
8.52842935962,-0.406513949053,154.525603511,2.35457676017
8.43070702926,-1.13406547938,154.654573043,2.39614962824
8.46897129493,-0.819833671005,154.801364441,2.44041562293
9.07763834134,-0.283306037312,154.874699146,2.48191477914
9.53321479918,0.16208733828,155.052378081,2.52337256961
9.57680961746,0.45950229063,155.197248355,2.56768335126
10.1488154736,0.540350155552,155.258614269,2.60907116212
10.4783762438,1.09470307839,155.213770305,2.65339500663
10.3840985071,0.907804334185,155.269200099,2.69492868611
10.0204176845,1.10699102157,155.349734671,2.73642908639
9.91630290733,0.966834997491,155.050627734,2.78076568274
9.25571411212,0.29494701443,154.963236275,2.82205707724
9.43104139199,0.0709592281638,154.853956587,2.86640207115
9.90205570107,0.320189377588,154.845946044,2.90788038897
10.1232486305,1.60608501969,154.910911971,2.94965075506
9.28804873721,0.894238972859,154.761927895,2.99379234156
8.38819913192,0.63984637792,154.886463116,3.03520036875
8.86704305766,0.66267539375,155.106832612,3.07949715447
8.93717268347,0.358367044539,155.137359309,3.12086754818
9.26183678885,0.00224303995608,155.204656823,3.1624034048
10.0560513033,0.416210971095,155.51065725,3.20685912201
9.94220513511,0.541858123283,155.353576128,3.248142741
9.8491785792,0.469287876933,155.340657256,3.29252039206
10.1213790462,0.469910280761,155.341757744,3.33396263151
9.37437694424,-0.284259494333,155.170078965,3.37549382282
9.01227968243,-1.43540447683,155.101708368,3.41976759303
9.04193998871,-1.54525950668,155.1730307,3.46114638429
8.59864198762,-1.38193969975,155.120695423,3.50550568514
9.36563018604,-0.49963500395,155.23842107,3.54695196786
9.23057536465,-0.761230314047,155.2324322,3.58846511998
8.7089310251,-0.899245495488,155.059243609,3.63283997186
8.15562339343,-1.00814966687,155.09827068,3.67404987898
8.99268777269,0.21319754696,155.155067746,3.71855784764
9.26171009012,-0.857610583795,155.27925426,3.75987163561
9.32968380664,-0.899075763981,155.106333402,3.80140251591
9.78669661114,-0.945775327886,154.697682529,3.84573071471
10.459351827,0.0382796403783,154.853619619,3.88733935013
10.6336726906,-0.0983907387379,154.887063318,3.93144454722
11.5202058565,-0.0526188094185,155.067540049,3.97297262833
11.2567260902,-0.239976243247,155.24584765,4.01758665498
11.2536116764,-0.0560228962643,155.185629761,4.05866220124
11.494105391,0.570223415053,155.007736221,4.10022231746
11.4859402558,0.502216817466,155.287918506,4.14434586476
11.7158899533,0.575213018738,155.27191532,4.18584626505
11.0199021796,0.346737991291,155.060920821,4.23021271937
10.5653823486,0.379164934243,155.101584027,4.27161670329
9.59130634298,-0.169601989487,155.171889607,4.31310124153
10.5483135191,0.984115591931,155.307842255,4.35754327384
10.486498335,1.1570942961,155.115223391,4.39902221371
10.9887684625,1.30960938021,155.322866562,4.44333019617
11.0264562845,1.01934100308,155.544093056,4.48490088709
11.1312074951,1.38057188852,155.675176997,4.52617828567
10.9478500406,0.845323625308,155.772378575,4.57038829667
10.246421235,0.663472441641,155.628315003,4.61197827086
10.4431504919,0.98311329311,155.510171109,4.65613229817
10.2264611046,0.173068022551,155.391812052,4.69779069688
9.63194488269,-0.488119285306,155.424108176,4.73907213872
9.85060990519,-0.337618396043,155.144150141,4.7835486943
10.7181429336,0.118296664005,155.033836275,4.82506340153
11.4277908205,0.379125483733,155.169637867,4.86929580601
11.1858022664,0.464615052943,155.226117963,4.91075204138
10.7565789075,0.037586865746,155.265068811,4.95226394943
11.312163138,0.675495095366,155.404513346,4.99650755065
11.0519808725,0.697661246949,155.195969501,5.03806891095
10.363883725,0.674796127979,155.386212326,5.0823448583
11.2682861039,0.782098870709,155.342771162,5.12367792955
11.1640270806,0.65386936602,155.466787069,5.16506076408
11.1503102303,0.44761382458,155.346577038,5.20937496695
11.1784816942,0.209663966793,155.298459642,5.25102932239
11.0633958532,-0.395148344202,155.265025129,5.29529034076
10.7401479946,-0.58646655522,155.207169696,5.33686507495
11.2040534683,0.0580612524705,155.079208758,5.37827683438
11.2507780617,0.255717950221,155.205001798,5.42252230173
10.4233781597,-0.364477014626,155.102632467,5.46406748896
11.1829149199,-0.00606295159654,155.32300069,5.50842990002
11.10485594,-0.434587139305,155.240504444,5.54966313368
10.9587315229,0.190251664574,155.207305654,5.59111066048
11.1406364835,0.363645945894,155.159221734,5.63544165846
10.8896823676,0.948241253819,155.122744575,5.67691873221
10.0304491827,0.171383693391,155.004308091,5.72145282659
10.0679479618,0.338947415041,154.922381615,5.76258497858
10.3580347785,0.310236850417,155.108456495,5.80709574642
10.0737865812,0.151458166147,154.889020654,5.84868976388
10.6338788179,-0.546543304681,155.085801867,5.88998364654
11.8871077541,0.630681886778,155.202732388,5.93429287309
11.9811558883,0.717610236892,155.124098657,5.97568223905
11.8751705847,0.830950421545,155.256382062,6.02025769916
12.6171528005,0.860954584565,155.160500177,6.06146853934
12.9756383498,1.47257550131,155.136527167,6.10294219186
11.9846789511,1.41812008803,155.106230836,6.14732575231
10.9435983975,1.36227510378,155.153608764,6.1887913183
10.8497245861,1.03713001288,155.288836722,6.23301812441
11.413379755,0.80265639279,155.450500443,6.27453905205
12.1021262285,0.683092011158,155.358095974,6.31610632174
11.7668667767,1.29199307347,155.140647667,6.36042052462
12.6520918234,2.27281877827,154.961663228,6.40185436651
13.0040941581,1.5994425579,155.071111725,6.44611476284
12.1449992149,1.50579276165,154.888745036,6.48762760394
12.3710144768,1.20861403959,155.046022966,6.52908601646
12.0727953283,0.660595702328,155.219014461,6.5733330389
11.8502891195,1.18103712172,155.580856023,6.61488631267
11.6280271892,0.941282443029,155.42733048,6.65907486326
11.2542189028,1.51282163492,155.220318258,6.70061694029
12.0800480069,1.49062809169,155.299151045,6.74192450786
11.7098816326,1.17109730682,155.425075621,6.78631491076
11.8322684634,1.34181285053,155.382850667,6.82780504737
11.4216441504,1.24793089871,155.389490227,6.87220322578
12.6020447882,2.26628934838,155.496745873,6.91359414684
12.3367883968,1.92136478789,155.514810407,6.95507122059
12.4423902566,1.5914326429,155.430516132,6.99929367241
12.2173110523,1.17769139027,155.483225901,7.04084072577
12.5011558056,1.39158025829,155.434976562,7.08499972941
12.1543261723,1.61138358329,155.297938678,7.12639811497
12.3487693097,1.73235272891,155.394002109,7.16798000263
11.8346041699,0.739665852412,155.407022755,7.21228642999
11.8414083731,0.754320151474,155.303427147,7.25374515352
12.2656082731,0.951144935112,155.477215528,7.2982882675
12.4110043907,0.806183579958,155.536796232,7.33954171749
13.4331052309,1.65817727505,155.688441765,7.38100541736
13.448649679,2.11282621732,155.690335006,7.42526767981
12.7881956679,2.26963350277,155.563933794,7.46675128498
12.5189205361,1.6005606902,155.517237925,7.51111929441
12.2114765552,1.03366491994,155.405719612,7.55258330529
12.5084548128,2.1382679589,155.247583351,7.59406504434
12.8143347871,2.16839082478,155.082741928,7.6384016407
12.118621628,1.65401622945,155.156575753,7.67986471852
11.6934655755,1.17349203062,155.197662258,7.72424392468
12.0814448135,1.10311622704,155.198794025,7.76555149225
11.2365543412,0.92919803016,155.309356182,7.81004857518
10.8851277491,1.09169011947,155.375715157,7.85139906358
11.6600037344,1.66052064678,155.412656854,7.89283570466
11.6689569769,0.990717742179,155.470479333,7.93714710835
11.5429955587,0.451921595811,155.50524034,7.97868265395
11.3813588592,0.41504328137,155.315103303,8.02290914904
11.643487537,0.87088668499,155.178654677,8.06431251092
11.7388742215,1.2865346833,155.125103543,8.10575537241
11.3669384513,0.455839941558,155.060135722,8.15003847324
10.932877499,-0.0392212130189,155.224898737,8.1917052695
12.002563523,0.638651305289,155.272024149,8.23594607153
12.2222006943,0.48713646781,155.208702504,8.27735285464
11.9927222488,0.686523533326,155.332492038,8.31873911039
11.6699179647,-0.0171930817894,155.265027603,8.36294663323
12.3181332329,0.472349945325,155.3481289,8.40450674946
13.0001982235,0.897069495384,155.649962638,8.44891052624
12.2943471609,0.580359581827,155.370417729,8.49027469954
12.5413010911,0.494464234002,155.483307792,8.53174119859
12.8117969214,-0.145567788013,155.424182894,8.5761256921
12.1812907268,-0.688678562004,155.47418322,8.61756482134
12.3891527599,-0.209629744083,155.443341262,8.66174621846
12.4766557535,-0.336343529608,155.458595998,8.7033066457
11.241207599,-0.992811900839,155.544670622,8.7447330231
10.607733899,-1.59392417446,155.517690967,8.78894987656
10.879175972,-1.9649068885,155.43793798,8.83050346135
10.3722935121,-1.88138097661,155.629643081,8.87484099076
10.314511477,-1.78573734731,155.579169617,8.91621667182
9.96841645259,-1.85036464789,155.503106679,8.95781753173
9.68693622882,-1.77015663497,155.510454137,9.00198431088
9.47019368885,-1.73652286689,155.526108675,9.04355469078
9.77410105477,-1.53344890682,155.543570722,9.08774137525
10.6046882788,-0.9079344281,155.751831625,9.12932388494
10.7480866757,-1.2023299165,155.617451483,9.17052041819
10.9633579635,-0.704181719767,155.473493043,9.21498048968
10.9702611532,-0.447819621906,155.418985541,9.25653376345
11.5736342092,0.145693134727,155.551515439,9.30073413282
11.2344550376,0.0537975045635,155.559495139,9.34209519591
11.7958980651,0.0686027193321,155.696956406,9.38359777334
12.1270929188,0.493923690322,155.447107953,9.42807899423
11.981832398,1.23420386331,155.435295248,9.46942077406
12.7700914367,1.50698732242,155.362729098,9.51363047404
12.547823877,1.31484936838,155.458919573,9.55519525557
13.0700883149,0.498669406974,155.725819238,9.59664713665
13.1197991927,0.0995167364211,155.701320157,9.64097098116
13.0481721286,0.909768838922,155.727869353,9.68242130714
12.7602625534,0.840529722253,155.832185276,9.72670627409
11.9299915522,0.402710595391,155.636873348,9.76815660007
11.7567107165,0.621957605289,155.355432601,9.80955529665
11.6639487357,0.179548527034,155.143616132,9.8540707298
11.2351842576,0.00582366385347,154.996717935,9.89545480841
11.3406411225,-0.365960857175,154.806565662,9.93984365621
11.2638467895,0.1979891767,154.915637876,9.98110052743
11.1506135041,0.0180386716559,154.954440234,10.0226852143
11.5074078473,0.183670198143,155.18820125,10.0669490318
11.1215646901,0.298582879825,155.32087476,10.1083645235
11.732234539,1.4054508358,155.426517716,10.1526989427
12.2856307317,1.90479606022,155.312363102,10.1940463209
12.1291163946,1.76722050445,155.422850168,10.2355675596
12.1740520207,1.75623163437,155.460376335,10.2798714988
11.6813238122,1.50235201786,155.605973957,10.3213824737
11.6169527734,2.24896569075,155.638878263,10.3656238978
12.2278802048,2.52515765144,155.614460656,10.407123054
12.5543260366,2.92413784346,155.734674021,10.448634651
12.8070020286,2.46132509788,155.634106237,10.4929603617
12.6868820521,2.51013640482,155.579822911,10.5343167595
12.9422481022,2.17228590024,155.565064959,10.5787289338
13.0189308317,2.41418155836,155.509027791,10.6201795708
12.4504420765,1.84427482736,155.489536625,10.6616653531
13.1049666898,3.16384832833,155.463151199,10.7060597993
12.9018495725,3.33756568233,155.234482786,10.7474423228
12.866286633,3.1389186747,155.295083697,10.7916688179
12.4195489334,2.42957827427,155.382583661,10.8330693806
12.9423245917,2.61870178608,155.54794617,10.8747884283
13.139263808,3.10346105484,155.522140153,10.9189692034
13.5435091647,3.75321197459,155.440951022,10.9604245057
13.3603382966,2.96017414528,155.256148502,11.00466904
12.4562616085,1.98668543249,155.182836828,11.0463812452
12.7274828112,1.57759901926,155.146034332,11.0876287858
12.0081926173,2.30113078603,155.171875236,11.1319541854
11.3905074236,2.07594872081,155.230539389,11.1734698257
10.9145625344,2.54367540737,155.009267194,11.2178732915
11.4229086281,3.23211607545,154.943158696,11.2591597097
11.4877184739,3.23685445743,155.037206697,11.3005661817
11.3192309804,2.3611121079,155.096216158,11.3449519193
11.0645403703,1.63667834705,155.023793071,11.3864386347
10.4605279038,1.28291880538,155.206910616,11.4309503356
10.3021546319,1.34770647644,155.084840126,11.4722087619
11.4807397829,2.00254653679,155.267216288,11.5166492392
11.5953818934,2.12141650926,155.450689414,11.5580333178
11.61651942,2.01569120835,155.417371644,11.5992581539
11.9099800999,1.47472187644,155.284349164,11.6437617682
12.0234474149,1.54975553829,155.314543562,11.6851890787
12.5463914906,1.74576255741,155.353299777,11.7295042146
12.2632024201,2.12012602404,155.384884984,11.7710077251
12.3459942963,3.02772483837,155.402118792,11.8125252315
12.0499661335,2.21317879897,155.323360074,11.8567952695
12.0461865605,2.19623968741,155.299885506,11.8982490167
12.2074334993,2.20106868626,155.206142954,11.9424885747
11.8165797123,2.06748317204,155.113817335,11.9840542893
11.5536794186,1.85644079655,155.126342955,12.025577083
11.8659284448,1.83048948315,155.055586246,12.0697808736
12.1390140586,2.41114039563,154.973554026,12.1112850061
12.0255500792,2.53387794221,154.966559376,12.1555967208
12.0229054219,2.25474084248,155.079505593,12.1970156338
11.8271073817,2.66162370068,155.065138657,12.2386388871
11.5155969922,2.32268210249,154.916169509,12.2830159162
11.8892794503,1.98931840264,154.96974387,12.3242475947
11.6259474297,1.33462165945,155.206071513,12.3686858948
11.0036095287,0.587337879943,155.124567619,12.4101527049
11.2342751582,0.557315824913,155.259874442,12.4514226389
11.3287694768,0.00726090148828,155.334359188,12.4958624941
12.5939684476,0.00369084906979,155.545919856,12.5374008389
12.5096948267,0.218264739268,155.645627053,12.5814963943
12.0785435483,0.663235890897,155.505174504,12.6230680183
11.8239462505,0.0684225644105,155.383012171,12.6643743418
11.321077068,-0.242162883685,155.457547853,12.7088120198
10.4082145929,-0.15026276283,155.414133186,12.7504483361
10.285686638,0.245216146813,155.251036845,12.794489774
10.2117853303,0.478019279489,155.187966528,12.8361155155
9.7535752064,0.832738493043,155.090184647,12.8775356725
9.78121887264,0.692717295585,155.446484886,12.9218937293
9.64918348477,0.564541873633,155.359954012,12.9632563475
10.6326550175,1.12312614872,155.269045256,13.007671321
10.4373684826,1.0857271677,155.383470116,13.0490510453
10.3613789342,0.937510559201,155.149391897,13.0932759853
10.9293023585,0.983832484419,155.008617788,13.1348902191
10.3857707969,0.405422778272,155.057442111,13.1763417892
10.3307615344,0.504643681699,155.189378832,13.220609961
10.1623533583,-0.073248539789,155.15881954,13.2619837759
9.82936561328,-0.668439643987,154.92998495,13.3063878637
10.7529157633,-0.152288437062,154.987838372,13.3477685211
9.9082844578,0.142624394689,154.919706431,13.3892014299
10.5147682086,0.539178743015,154.897926404,13.4335059912
10.9247167836,0.0299101439604,154.893938616,13.4750247417
10.1189248788,-0.451116083059,154.609675032,13.5194481128
10.0940923891,-0.640307843156,154.665331754,13.5608486755
10.7180652369,-0.395152177211,154.81879759,13.6025220031
11.4238535367,-0.0201634482664,154.916110814,13.6466480386
11.6250563795,0.240327652457,154.969849194,13.6881070732
11.9027298311,-0.0150910620128,154.951930975,13.7323547177
12.2208716812,0.430664143233,155.082582225,13.7738765784
11.7909860482,0.781981904489,154.862505989,13.8154422929
12.3448154856,1.16312265909,154.786217647,13.8596647448
11.9672271554,0.867689086089,154.548328497,13.9012055777
12.0455108135,1.40141902312,154.858268088,13.945404081
11.976160676,0.694663931496,154.901703401,13.9869079025
12.4130137114,0.781875056552,155.035513441,14.0282562137
11.3590130833,0.200665783972,155.112567515,14.0727719579
10.7714950202,0.0259530522593,155.181718065,14.1140916553
10.7102490159,0.25128206334,155.000471399,14.1585361757
11.3578610686,0.518410036153,155.062349549,14.1998512078
10.5952114316,0.511829998376,155.074818931,14.2413733795
10.3383767852,-0.162697921827,154.995639388,14.2856194689
9.91101786173,-0.281997004049,155.370654539,14.3272337027
10.6781240958,-0.300912250888,155.353131634,14.3713824426
10.7048796667,0.165620033876,155.245397233,14.4128862642
11.0723227051,1.12932897268,155.086620814,14.4547172792
10.7154358861,0.94139429406,155.019065642,14.4986234232
11.2946509249,0.877529434008,155.114682387,14.5400358047
10.9770759074,0.895369475594,154.982153634,14.5844165659
10.8955120111,0.690463140287,154.982426587,14.6258062429
10.7489632425,0.839653586799,154.787946799,14.6675044523
11.0099241195,0.712734298574,154.945470325,14.7116395073
12.0266513601,1.15581640574,154.850052444,14.753236946
11.7205255091,1.5008125015,154.978148897,14.7974581537
10.8839236288,0.323527670559,154.90071321,14.8390823402
10.3038922067,-0.28925352516,154.781437574,14.8832177063
9.62519256097,-0.351621501913,154.865686714,14.9246963351
10.2373605514,0.201454633646,154.925161339,14.9661180472
11.1984242096,0.659858157496,155.160546717,15.0105156036
11.3697281067,0.647717128362,155.040515596,15.0519317173
10.540070409,0.240399090025,154.888756996,15.0962409439
10.2081805912,-0.0328444785731,155.044810348,15.1378890789
10.4098399087,0.318075000269,155.042003852,15.1792516971
9.85409175387,0.0617825692156,154.98034592,15.2234492673
10.3871047453,0.201539025057,154.965760905,15.2648930618
10.918170103,0.0689650714275,155.000426398,15.3092365006
11.0144283766,0.115074192434,154.947944545,15.350571127
11.4612937991,-0.0530054824563,154.957922578,15.3922279706
10.6421838392,-0.688877855799,154.624135759,15.4366056216
10.7900084111,0.138529223203,154.683443838,15.4780204913
10.6622956889,0.461204300932,154.741817158,15.5222976827
10.8977195454,0.8732855175,154.674837131,15.5636211123
11.4069911751,0.768715767823,154.883710201,15.6053233649
11.3519388569,0.824932181701,154.909077713,15.6493383661
10.361807593,-0.146173849724,154.803838181,15.6910334652
10.2545556245,-0.0954078068388,154.88897948,15.7351215561
10.6584922196,0.438824618098,154.951638653,15.7767389001
10.7365838919,1.05576707134,155.066019156,15.818323898
11.0389127758,1.50168358622,155.19527965,15.8624651735
10.1619420984,1.58493693542,155.219999595,15.9038439647
10.2552298913,1.09097220803,155.178242349,15.9482629815
10.1672836636,1.10284916142,155.11093708,15.9898893451
10.7927148164,1.42000190564,154.876836505,16.0312703135
10.9172278919,1.23918928181,154.776758151,16.075577674
10.3253874191,0.558473091636,154.674987043,16.1170031183
11.1865991205,1.77892071249,154.720525456,16.1613524665
11.3905467481,2.59484264082,154.875073087,16.2027412104
11.3559429506,2.61190166099,154.781965913,16.2470709643
10.1149717127,1.38957836669,154.687093571,16.2886279703
10.2019492736,1.48025391581,154.958598005,16.3300098718
10.5249823052,2.06065347368,154.674915861,16.374435109
10.4344113731,1.32444241728,154.781190683,16.4158129672
10.6966539494,1.19254402084,154.716741043,16.4601439652
9.51593433109,0.520329915218,154.711946914,16.501606732
8.62937354402,0.279851009921,154.663765592,16.542997653
9.42031497092,0.597229450704,154.79014386,16.5874452837
9.82896424191,0.389894980013,154.827881075,16.6287901737
10.2872883264,0.0391201367752,154.973725984,16.6731441872
10.6709555732,0.185575109111,154.945779189,16.7146442765
10.3232549704,0.426549075663,154.873071898,16.7560476384
10.5773947329,0.550227256787,154.892243856,16.8004445727
10.3091446687,0.97779267382,154.935591436,16.841975764
9.29719154129,0.446888868729,154.952333499,16.8861500077
8.97951392971,0.265352101305,154.926048096,16.9275723418
10.0161380712,0.861275622783,154.818066378,16.9692005715
9.26917295568,0.431901237819,154.732964149,17.0133079458
9.09930918753,0.393048498745,154.573657832,17.0547694685
9.06739580093,0.750844938124,154.456341782,17.0991041987
9.14746111422,0.484098458121,154.768548623,17.140741759
9.52616209606,0.290693908691,154.830570858,17.1820521258
9.35697893237,-0.331406688969,154.973443605,17.2264394185
9.26240704329,-0.173832589089,155.167699298,17.2678480677
9.16912076506,-0.0540955865407,155.034959246,17.3121902624
10.016656479,-0.00151869083693,155.059176216,17.3535911362
9.9007917259,0.2635683282,155.319728556,17.3980782664
9.57947102362,0.253650072141,155.289357348,17.439371216
9.89598724577,1.0494949733,155.224613004,17.4809639894
9.96661076745,0.396839726714,155.240566435,17.5253708764
9.61876764615,0.87912802073,154.921608685,17.566830844
9.12811901414,0.431685047886,154.880436092,17.6109882926
9.14288066413,0.0491447696183,154.752119612,17.6524184022
8.32362003591,-0.53815902316,154.562665467,17.6940248605
8.42370786314,-0.887165641779,154.585926282,17.7383418626
8.89660607301,-1.01560227297,154.622758879,17.7797365159
8.97327720275,-0.888402805083,154.718424433,17.8240665808
10.0669196951,-0.293586414389,154.688763618,17.8657293338
10.6165344793,0.46194547823,154.886342026,17.9071183887
10.1384472861,1.52584734122,154.848132332,17.9512969866
10.5254870467,2.12985995317,154.817499108,17.9929892866
10.7609105426,1.75542299451,154.867655508,18.0371243416
10.8440920208,2.182117204,154.659038096,18.078732355
10.1271676522,1.83426920659,154.568910105,18.1200371234
10.4448798278,1.87161357299,154.615273734,18.164317114
10.6690118689,2.0788895776,154.829603949,18.2057770816
11.5555509801,1.87881367513,154.844092789,18.2500754225
11.676763887,1.98148186857,154.883722791,18.2916028815
11.2769414058,1.25529860958,154.771298095,18.3358984232
11.1680294783,1.13531719294,154.76816046,18.3774426774
11.5384086327,0.869231231599,154.626901442,18.418917885
11.4648040653,0.865842069346,154.796417642,18.4630799988
11.1064967436,0.87470542202,154.781709287,18.5044765183
10.6999483658,1.19482831831,155.062846799,18.5489816877
10.3104360777,0.816350031604,155.181502328,18.5904335688
9.58319207931,0.790066097524,155.049610122,18.6318363087
11.0379667538,1.41363358719,155.212649321,18.6762711875
11.3670711621,1.40682034642,155.261939199,18.7177075176
11.2120569295,1.88073258894,155.255814943,18.7619234379
10.5140998357,1.20744170586,154.993985576,18.8034381452
10.8173130115,1.50080490235,154.833081431,18.8450355839
10.7459428642,0.441378831741,154.838019543,18.8891519777
10.8991163202,0.698904240315,154.905304426,18.930668551
11.5343607009,1.34028882235,154.895352292,18.9749025106
10.9691649411,0.786318067291,154.715398938,19.0164977722
11.0756936649,0.286535294838,154.560502914,19.0578715871
11.514878447,1.22763003173,154.667641344,19.1022395965
11.0569834331,0.783686160139,154.399107394,19.1436553992
10.4717199085,-0.0958873053516,154.563945206,19.1879702241
11.2074440099,0.894328028846,154.805025044,19.2295409151
11.4509766966,1.87510156642,154.40482945,19.2709287259
11.2019867725,1.75768710001,154.429949588,19.3152497712
11.4713855529,2.18414635279,154.443019544,19.3565495633
11.2081514101,1.93316526055,154.421397844,19.400861589
10.3387953886,1.44578406131,154.519069709,19.4424882636
10.6715962575,1.78013271016,154.152693041,19.4838788737
9.90256762221,1.12729105291,154.037711928,19.5283025558
10.2956212439,1.52499182758,154.065796229,19.5695843086
9.3254409322,0.83245118508,154.22808694,19.6140076797
10.198421967,1.80757070784,154.493797074,19.6553743412
10.4948606308,1.82848729757,154.528883866,19.6969319692
10.4212758593,1.79105459432,154.556210627,19.7409849149
10.756902735,1.79417693499,154.567231663,19.7826262075
10.1623948076,2.47446910927,154.635173588,19.8272778676
10.1483359306,1.96144067369,155.09267784,19.8688208777
9.15763893087,0.832626914293,154.829477684,19.9100777489
8.65092123528,-0.0359274496911,154.772000064,19.9541434464
7.88619583394,-0.612885297728,154.57482733,19.9958239276
8.36757893742,-0.0125698763818,154.514671618,20.04020811
8.67079919843,0.611861457762,154.433566488,20.0814338792
8.34890344177,0.200873626014,154.334694464,20.1257533694
8.35176408464,-0.235569461501,154.514705001,20.1673560955
8.56218660456,0.0135277817882,154.172656686,20.2087771855
8.87455575591,-0.473344924339,154.31156955,20.2529091304
9.15334727657,-0.0476835715328,154.367529071,20.2945457576
8.87399031753,0.390143537518,154.563954153,20.3388329017
8.87878672148,0.409524484713,154.722919168,20.380196764
8.73272010687,0.710040907009,154.879966544,20.4216757039
8.50842962587,0.94321193547,154.995946485,20.4661186693
7.8273348681,0.140366880661,154.740711321,20.507671943
