31.0011872157,119.494812995,66.7248181667,0.0510001182556
30.700486098,119.650191024,66.7778061946,0.0320000648499
30.3265655454,119.844276212,66.9032965034,0.0419998168945
30.2544480757,119.789798959,66.8673678951,0.0390000343323
30.1541683989,119.714555292,66.9073989031,0.0390000343323
30.1658815981,119.464267952,66.8733622991,0.0420000553131
30.0075678433,119.399560348,66.9345236433,0.039999961853
29.9199664887,119.383539092,66.9566348277,0.0419998168945
29.8522580553,119.430343592,66.9660976893,0.0390000343323
29.8819228379,119.386078301,66.9305288472,0.0409998893738
29.7700244091,119.524025362,66.9681225267,0.0390000343323
29.8027208301,119.458497522,66.8926929696,0.0389997959137
29.9005943138,119.457207069,66.7890011514,0.0420000553131
29.8783396102,119.500989686,66.8476120308,0.0370001792908
29.8708213858,119.333458628,66.8975940232,0.0420000553131
29.8755262447,119.279065612,66.9497458676,0.0380001068115
29.8692076137,119.457865552,66.9564067988,0.0409998893738
29.547781158,120.318816516,67.1339002738,0.0390000343323
29.5101931782,120.672548173,67.1125221716,0.0379998683929
29.4227505658,120.855764953,67.1017859245,0.0420000553131
29.2955669643,121.268649694,67.146906372,0.0389997959137
29.0446688178,121.902807702,67.2639705416,0.0410001277924
28.6795275675,122.589548313,67.4126708211,0.0390000343323
28.4784740297,122.813326468,67.4106588927,0.0420000553131
28.147405644,123.056671365,67.3688673267,0.0390000343323
27.9853941632,123.121844433,67.226852383,0.0390000343323
27.7408521936,123.430254509,67.1458952588,0.0420000553131
27.6214800565,123.553491291,67.0156605218,0.0379998683929
27.6691962059,123.440996863,66.8200093026,0.0420000553131
27.0631535695,123.712010592,66.9142247648,0.0389997959137
26.6851230172,123.74488967,66.9724023469,0.0410001277924
26.4215278313,123.844449139,66.9728345825,0.0390000343323
25.5133629245,124.516751294,67.2059957287,0.0390000343323
24.8862648081,124.91823224,67.3554918801,0.0409998893738
24.5933362808,124.851980917,67.442044093,0.0390000343323
24.3562926453,124.693325341,67.5140081588,0.0410001277924
24.2974399696,124.433028387,67.4997819663,0.0389997959137
23.8148450935,124.473552797,67.5860267723,0.0390000343323
23.3533812315,124.427004244,67.635785447,0.0409998893738
22.8796810916,124.522796645,67.7256975989,0.039999961853
22.2312692236,124.536109968,67.8641753162,0.0420000553131
21.7019890686,124.753279897,67.9812574591,0.0390000343323
21.3000095601,124.777215555,68.0247205382,0.0410001277924
20.7352852334,124.884190395,68.082757525,0.0390000343323
19.9074256809,124.96619863,68.2211160019,0.0390000343323
19.000629394,125.141642242,68.3382561887,0.0409998893738
18.4043327123,125.086448232,68.3805659872,0.0390000343323
17.8933345898,125.092909259,68.383700496,0.0409998893738
17.205747713,125.298019415,68.4337496341,0.0390000343323
16.497807637,125.370297996,68.5583745691,0.0369999408722
15.6967139358,125.217056569,68.7039407123,0.0420000553131
14.7653848988,125.221302924,68.9554206061,0.0390000343323
13.933914406,124.909058106,69.1405921376,0.0409998893738
13.4185256982,124.786425988,69.2062957377,0.0390000343323
13.3346182033,124.568160416,69.1580557427,0.0390000343323
13.3607355925,124.396233875,69.0975875451,0.0410001277924
13.2747063272,124.447335018,69.0898402516,0.0389997959137
13.1427330788,124.449866507,69.0915649046,0.0410001277924
13.1300855597,124.371610712,69.0664411861,0.0390000343323
13.0576583671,124.354559188,69.0714916167,0.0409998893738
12.9236374001,124.446190191,69.1535650293,0.0390000343323
12.2890126081,124.366119066,69.5647962664,0.0389997959137
11.3678679342,124.853198557,70.3631433565,0.0410001277924
10.8197514453,125.146274672,70.8435357586,0.0390000343323
10.4107792916,125.233158587,71.103333978,0.0409998893738
10.2293872283,125.127676776,71.2207635551,0.0389997959137
10.0240330922,125.123309046,71.345049276,0.0390000343323
9.90456763856,125.115836887,71.4965338736,0.0420000553131
9.43938975825,125.199613824,71.7824431115,0.0390000343323
9.00539385214,125.11051505,72.2672026677,0.0420000553131
7.99796757038,125.16547706,72.9259667413,0.0379998683929
7.27514526691,124.879346922,73.4892825369,0.0390000343323
6.71641963969,124.872369371,74.0288869808,0.0419998168945
6.65626017216,124.831215921,74.4014045528,0.0380001068115
6.63810452147,124.694881855,74.4563321291,0.0409998893738
6.5336035926,124.475680677,74.3461125383,0.0390000343323
6.39041352997,124.175310052,74.2794073643,0.0409998893738
6.16018263365,123.736870875,74.3045977411,0.0390000343323
5.81639384737,123.344593944,74.4653371737,0.0390000343323
5.47770701659,123.134006624,74.6978890146,0.0420000553131
5.14001417633,122.891948828,74.9628117894,0.0390000343323
4.72863685311,122.756191978,75.262543193,0.0419998168945
4.39059882303,122.481219336,75.5500042631,0.0390000343323
3.97377284097,122.322333854,75.8020790671,0.0379998683929
3.78809256421,121.986745606,75.9981594708,0.0420000553131
3.35082653969,121.654750029,76.2398956852,0.0389997959137
2.72978555709,121.637760732,76.4463115408,0.0410001277924
2.18869863983,121.419521769,76.5701820739,0.0390000343323
1.62655462354,121.144584747,76.6414685594,0.0390000343323
1.13856751198,120.838835264,76.6740510387,0.0409998893738
0.700047151551,120.605101141,76.6665616714,0.0390000343323
0.0603619263067,120.508767643,76.6231143937,0.0410001277924
-0.257318762666,120.136312167,76.5823585001,0.0390000343323
-0.517849112482,119.857646938,76.5612617856,0.0420000553131
-0.836230603992,119.557915776,76.5410034767,0.0379998683929
-1.43502646615,119.322855637,76.5027340939,0.0390000343323
-2.18421681727,119.111574435,76.4752635934,0.0419998168945
-2.77055089768,118.599081345,76.4220701955,0.0390000343323
-3.40698504672,118.121914128,76.36838391,0.0409998893738
-4.00955241566,117.755556043,76.316025205,0.0390000343323
-4.09642851019,117.521757176,76.3088781888,0.0380001068115
-4.46825965599,117.350536196,76.2735558085,0.0419998168945
-4.67433401511,117.252921712,76.2826655961,0.0390000343323
-4.78675572706,117.162487893,76.283643685,0.0409998893738
-4.95161927696,116.829915439,76.2844394114,0.0390000343323
-5.17178395049,116.78831187,76.301911903,0.039999961853
-5.19720379992,116.851860276,76.3506267445,0.0390000343323
-5.35837451061,117.026848005,76.4149578341,0.0390000343323
-5.88454797299,116.817041306,76.36707438,0.0420000553131
-6.10342291842,116.418148877,76.3227562335,0.0380001068115
-6.40834959856,116.054055427,76.3102444741,0.0409998893738
-6.82507185435,115.70790967,76.2928912175,0.0390000343323
-7.24172680496,115.220696557,76.3019082949,0.0390000343323
-7.605096495,114.939476475,76.3540438955,0.0410001277924
-8.1693578494,114.475697554,76.3339395977,0.0389997959137
-8.52214739839,114.047007532,76.3190049463,0.0420000553131
-9.11453081272,113.59456618,76.2762393946,0.0390000343323
-9.90680128534,113.008601084,76.2000596438,0.0420000553131
-10.2946143867,112.388843988,76.151928877,0.0390000343323
-11.0974179194,111.634825987,76.0559698472,0.0390000343323
-11.6447079549,110.925882028,76.0049876018,0.0420000553131
-11.987881794,110.407245803,76.0492273811,0.0389997959137
-12.7578237054,109.687968531,75.9415874876,0.0420000553131
-13.5212994037,108.992207271,75.790062343,0.0390000343323
-13.9219882451,108.528310435,75.7691381929,0.0420000553131
-14.5037662363,108.03641898,75.6821042041,0.0390000343323
-14.9729730523,107.523300586,75.6441904177,0.0390000343323
-15.9303564087,107.033407937,75.4942459969,0.0420000553131
-16.5954726081,106.343922041,75.3582826991,0.0379998683929
-16.8719215359,105.633721694,75.3124904718,0.0410001277924
-17.1300988286,104.932867934,75.2286295033,0.0389997959137
-17.2457736135,104.47004019,75.2505337488,0.0390000343323
-17.0751887045,103.943055918,75.3338486868,0.0409998893738
-17.4461426066,103.286775982,75.248775357,0.0390000343323
-17.8537927043,102.569153721,75.1465297183,0.0409998893738
-18.0633358934,101.921145972,75.0797643727,0.0390000343323
-18.2930536283,100.904672278,74.9532018245,0.0410001277924
-18.7329109691,99.9295448051,74.7774015631,0.0390000343323
-19.2177397012,98.9702017763,74.5725370354,0.0429999828339
-19.99518871,98.3318466468,74.28070656,0.0389997959137
-20.1067705069,97.8767936334,74.2625822884,0.0380001068115
-20.4210707956,97.5103120785,74.1720829468,0.0410001277924
-20.8125012099,97.0404796365,74.0357832455,0.0390000343323
-20.5229298975,96.6466706921,74.1714816928,0.0409998893738
-20.9311841418,96.1827720069,74.0366270959,0.0390000343323
-20.8155610017,95.5931672958,74.0703391178,0.0410001277924
-20.8445932573,95.1598942684,74.0822946129,0.0389997959137
-21.2377754823,94.5321649789,73.9229092127,0.0410001277924
-21.5095579778,93.8246227155,73.7835142519,0.0390000343323
-21.7352464899,93.2536897601,73.651380416,0.0390000343323
-21.4729651847,92.7188631627,73.7009370526,0.0420000553131
-21.8780421206,92.1773256253,73.4577087359,0.0379998683929
-22.166574704,91.5955232842,73.2433221851,0.0420000553131
-21.7342638003,90.9386432317,73.3205713396,0.0390000343323
-21.9947710211,90.251765764,73.101800333,0.0410001277924
-21.6700176921,89.6686161524,73.2456432351,0.0379998683929
-21.7830607085,89.1136466627,73.1329382845,0.0420000553131
-21.2784838499,88.5531983326,73.2782105935,0.0390000343323
-21.0969983098,87.8808436619,73.2971060766,0.0380001068115
-21.3187905395,87.0855985953,73.0719150714,0.0420000553131
-21.8358472063,86.2381135617,72.7196408896,0.0390000343323
-21.8938523909,85.3213637436,72.5865737464,0.0420000553131
-21.9082529476,84.65920477,72.4802044836,0.0390000343323
-21.9338719996,84.1369218576,72.3972440299,0.0410001277924
-21.3947834516,83.7168057153,72.4955474903,0.0389997959137
-20.8726289775,83.4133868569,72.6532748827,0.0420000553131
-20.7119054827,83.104957242,72.6890527383,0.0390000343323
-20.9133917087,82.7818928735,72.5098439539,0.0390000343323
-21.6430154593,82.6637037265,72.2833040706,0.0409998893738
-22.6670795869,82.4351180828,71.9119013344,0.0390000343323
-22.55323363,81.7745475208,71.6376666625,0.0429999828339
-22.887760951,81.5169507664,71.3788636941,0.0360000133514
-22.8600478657,81.2429995862,71.3132254697,0.0390000343323
-22.5787810193,80.9735198468,71.3621965923,0.0389997959137
-22.0343881292,80.7569786778,71.5928357779,0.0410001277924
-21.0454906812,80.5008898123,71.9558326852,0.0390000343323
-20.6624506512,80.253179275,72.0837174581,0.0379998683929
-20.6086909682,80.1220808562,72.1107245822,0.0409998893738
-20.9704227401,80.0286602837,71.9656448356,0.0390000343323
-21.0500304352,79.9530374601,71.940339213,0.0410001277924
-21.1960941505,79.8983681458,71.9067867067,0.0389997959137
-21.1722784033,79.8534239404,71.9506890839,0.0420000553131
-21.2888350313,79.8262151992,71.8824776278,0.0390000343323
-21.3983685201,79.814295928,71.8781354954,0.0420000553131
-21.3708736645,79.6906286032,71.8903878021,0.0379998683929
-21.0152012861,79.5706009051,72.0438932693,0.0390000343323
-21.1085668915,79.5204894941,72.0523460577,0.0410001277924
-20.8442642122,79.4610243579,72.2573536955,0.0390000343323
-21.1884656789,79.3558199852,72.2694597691,0.0410001277924
-21.6846517306,79.1935274058,72.3141955333,0.0389997959137
-21.0957917202,79.0372963275,72.8165516551,0.0420000553131
-20.7554737732,78.9562279417,73.1262328409,0.0380001068115
-20.9799188554,78.8335597129,73.083338471,0.0410001277924
-20.9427993516,78.7338560112,73.1692446559,0.0390000343323
-21.0743873259,78.6629604181,73.1959186271,0.0379998683929
-20.6677280997,78.4882019913,73.5679672804,0.0420000553131
-20.957245602,78.2372945075,73.689913766,0.0369999408722
-21.2509347518,77.8896097524,74.0020324486,0.0420000553131
-21.0387394026,77.579654185,74.4326027455,0.0389997959137
-21.0054518663,77.3402990927,74.7608808194,0.0410001277924
-20.7442179111,77.0561670915,75.2743104265,0.0390000343323
-20.635381092,76.7699513433,75.6338880457,0.0420000553131
-20.2502213297,76.5639821398,75.9843359491,0.0390000343323
-19.6270620356,76.3435794015,76.3436531133,0.0379998683929
-18.8736570404,76.2191778227,76.6988183675,0.0420000553131
-18.8501232551,76.0724695743,76.8654641023,0.0379998683929
-19.1726502094,75.9592128605,76.9297558998,0.0420000553131
-19.3629629184,75.9125041098,76.9846629006,0.0389997959137
-19.7383035414,75.8946190789,76.9206983495,0.0410001277924
-19.904932228,75.8541421305,76.8812893856,0.0390000343323
-20.3449805571,75.8778271743,76.8072834392,0.0420000553131
-20.2741728036,75.8981273584,76.9602060758,0.0390000343323
-20.2506332031,75.892873467,76.9996935427,0.0420000553131
-19.1209429682,75.8595277033,77.3818333602,0.039999961853
-18.4539085632,75.8887808839,77.5991753981,0.0389997959137
-18.0925064446,75.8011965206,77.7906390818,0.0420000553131
-18.0219402004,75.6884638911,78.0001350321,0.0380001068115
-17.7468581495,75.4477413434,78.3043415243,0.0410001277924
-17.6825157655,75.1986532405,78.6539653324,0.0390000343323
-17.4080574755,74.9690353203,78.9408582178,0.0429999828339
-17.2326285384,74.8659801528,79.1294296688,0.0390000343323
-16.8386451967,74.7731559834,79.2969621434,0.0409998893738
-16.2099756825,74.6906270924,79.5682464472,0.0390000343323
-16.0246111856,74.6210970045,79.7074424577,0.0379998683929
-16.2374632192,74.499537723,79.7341827383,0.0420000553131
-15.8370206704,74.3960757326,79.9400064915,0.0390000343323
-15.6556807342,74.3093970442,80.0535147061,0.0410001277924
-16.2766049216,74.2185727042,80.0265961738,0.0390000343323
-16.4657004312,74.1161978906,80.094072706,0.0420000553131
-16.5583836583,73.9481136432,80.2506629799,0.0390000343323
-16.7143414373,73.7906490042,80.3255222462,0.0420000553131
-16.9764263895,73.5588300789,80.4604292636,0.0390000343323
-16.7657838664,73.3889573204,80.7876516755,0.039999961853
-16.8198974407,73.2181328116,80.9477986284,0.0410001277924
-16.5767660455,73.1164777177,81.1287419033,0.0390000343323
-16.8847414773,72.9722109966,81.0946443745,0.0419998168945
-16.0140462871,72.8081345767,81.5316333794,0.0390000343323
-15.6637807667,72.4347939739,81.8797904658,0.0409998893738
-14.967366132,72.0381314824,82.3088808669,0.0390000343323
-14.3447051716,71.4864025892,82.5153203491,0.0409998893738
-13.7990147429,71.1038523857,82.5840753982,0.0390000343323
-12.8049325094,70.8388431443,82.8266737202,0.0380001068115
-11.6787381665,70.6724747131,83.0799941523,0.0420000553131
-11.1043003703,70.5124006806,83.184303956,0.0380001068115
-10.8105647139,70.3524188128,83.2276572529,0.0419998168945
-10.4383860405,70.1135602535,83.2497474607,0.0390000343323
-10.453528055,69.9074660062,83.1908950012,0.0409998893738
-9.41272619832,69.7383062798,83.3106072013,0.0390000343323
-8.8448679831,69.5930761049,83.3869593153,0.0419998168945
-7.95135740036,69.4153477964,83.4825395895,0.0390000343323
-7.41586175837,69.2382175189,83.4872978672,0.0409998893738
-6.43440660178,69.1087831361,83.5746279446,0.0379998683929
-5.27718419493,69.0013090206,83.6784743693,0.0390000343323
-4.52080030694,68.9496022686,83.7581866742,0.0419998168945
-4.00410747418,68.9041105504,83.7448371918,0.0390000343323
-3.56416383485,68.8595473587,83.7729821637,0.0420000553131
-3.39835717593,68.8728590672,83.789541004,0.0390000343323
-2.48196947349,68.8843373288,83.876639293,0.0419998168945
-2.25730233337,68.8394555168,83.8574148252,0.039999961853
-1.9698788583,68.8542141695,83.9566381779,0.0380001068115
-0.941169835635,68.8989417541,84.0250342333,0.0419998168945
-0.277340185504,68.9043156985,84.0307163577,0.0390000343323
0.576282327502,68.9494026584,84.0807876563,0.0419998168945
0.914681257094,69.0072079681,84.0687752336,0.0390000343323
1.93630748951,69.1507820355,84.1281472168,0.0409998893738
2.49357473899,69.1724588792,84.1567313162,0.0390000343323
3.15948260218,69.2389476125,84.1552677375,0.0389997959137
4.58496885733,69.2703414511,84.1105158647,0.0420000553131
5.15345348842,69.3332095848,84.0561612476,0.0390000343323
4.92193699605,69.4166375722,84.1313200286,0.0420000553131
5.19109598929,69.5243437087,84.1947312966,0.0390000343323
5.59218216848,69.5875240436,84.2352250063,0.0409998893738
6.24667587113,69.5700664284,84.2001938543,0.0390000343323
6.4596813329,69.6082083532,84.2215720897,0.0389997959137
7.04902483991,69.6589591597,84.2100724171,0.0420000553131
8.35279164905,69.8225771412,84.1636038367,0.0390000343323
9.3446608431,69.9304881384,84.1107951672,0.0410001277924
9.99200402481,70.0259100993,84.0721492946,0.0390000343323
10.5465112119,70.1234759976,84.0959558033,0.039999961853
10.5822351122,70.1808569945,84.1757261583,0.0390000343323
10.2820209079,70.1631526648,84.2054122705,0.0420000553131
10.3601258427,70.1679602391,84.2007184124,0.039999961853
10.7642636099,70.2169217804,84.1557539474,0.0389997959137
11.3736242963,70.2438766392,84.0068624763,0.0420000553131
11.7126052119,70.1777284879,83.9139811741,0.0390000343323
11.0421353964,70.098482016,84.0208881215,0.0420000553131
10.0339117049,70.0536195255,84.1108491202,0.0390000343323
9.17286573165,69.9774911217,84.2118279891,0.0409998893738
8.21580658412,69.8799034367,84.331418732,0.0390000343323
7.90374441625,69.8460233073,84.4002419424,0.0390000343323
8.05125093613,69.7902792133,84.2991897923,0.0420000553131
7.90253211518,69.7900565102,84.325163824,0.0389997959137
8.12139948118,69.7882716322,84.2924920237,0.0420000553131
25.797981901,69.6730816284,79.1425332281,0.039999961853
26.1964677079,69.6685908216,78.9906038494,0.0390000343323
26.4579819928,69.7125971218,78.8734747573,0.0390000343323
8.89723546047,69.9602993666,84.295387621,0.0390000343323
9.41024849817,70.0634636825,84.2272520534,0.0410001277924
9.58187793834,70.2002074236,84.2155244911,0.0389997959137
9.92994288235,70.4288641745,84.1843164615,0.0410001277924
10.7425128306,70.6581823118,84.1165447494,0.0390000343323
11.8532888075,70.8779126934,84.001000958,0.0420000553131
12.3365459058,71.0485558211,83.9268162432,0.0390000343323
12.6548663047,71.1512142282,83.9022305713,0.0369999408722
12.9645506429,71.2075091941,83.8785685219,0.0409998893738
13.2956406495,71.2695396488,83.8158948732,0.0390000343323
13.4594435118,71.3001836894,83.8328594571,0.0420000553131
13.6534936076,71.3048012998,83.8001402633,0.0389997959137
13.3978804292,71.3170191018,83.8733385733,0.0410001277924
13.1346230433,71.3169704578,83.9460726974,0.0390000343323
13.2753015477,71.2880719991,83.8934005269,0.039999961853
13.3184708661,71.3046071893,83.9080650097,0.0409998893738
13.9404937399,71.4186629924,83.8486932782,0.0390000343323
14.6639206875,71.5194609434,83.8255276463,0.0410001277924
15.4448749212,71.6334317151,83.7286660539,0.0390000343323
15.9103692111,71.696144856,83.7825382036,0.0420000553131
16.9772323064,71.7705402623,83.6834714953,0.0389997959137
17.499763032,71.8373104107,83.737974323,0.0390000343323
18.3640151208,71.8987612121,83.7063912071,0.0409998893738
18.9193346288,71.8974895246,83.6217857753,0.0390000343323
19.2158129524,71.8759687845,83.6073641064,0.0409998893738
19.5298979393,71.904705506,83.6101360384,0.0390000343323
19.8034578858,71.8793708994,83.6049159349,0.0410001277924
20.3836670193,71.8298955817,83.5642987726,0.0390000343323
21.07927937,71.7110624434,83.5029622297,0.0410001277924
21.464314742,71.5260165363,83.479810192,0.0389997959137
21.5710309771,71.4159221583,83.5141486347,0.0380001068115
21.6510894305,71.3170899935,83.539844285,0.0420000553131
22.1224669673,71.1500510801,83.5488228989,0.0369999408722
22.1899330107,70.8606472738,83.6709545357,0.0409998893738
22.2833416347,70.7054793977,83.7663261146,0.0390000343323
22.6143058213,70.5049055497,83.7792911668,0.0410001277924
23.0610935844,70.2045268367,83.7722922431,0.0389997959137
23.585991046,69.9013667972,83.7448330258,0.0390000343323
23.8806388619,69.7486189393,83.7075464404,0.0420000553131
24.071782875,69.6455515263,83.6970886048,0.0390000343323
24.2106801792,69.3552853495,83.7681204578,0.0409998893738
24.4427127339,69.0392886887,83.836693963,0.0390000343323
24.8879114095,68.6811474912,83.7005775164,0.0429999828339
25.1859320325,68.4617644685,83.6478910064,0.0390000343323
25.5538126604,68.2620150846,83.5597025426,0.0390000343323
38.7947427132,67.6329176312,75.9739139699,0.0429999828339
39.2428856028,67.1074209494,75.8378611618,0.0380001068115
39.5953836183,66.4826215856,75.7487842162,0.0420000553131
40.0856092682,65.9231506655,75.5366443923,0.0390000343323
40.5118213891,65.3892269396,75.3956801538,0.0409998893738
40.7812847385,64.7578605673,75.3304461484,0.0390000343323
41.0769167144,64.1667417389,75.2084066396,0.0390000343323
41.1348119065,63.5269541824,75.2884905232,0.0419998168945
41.2214620684,63.0812408798,75.3183757559,0.0390000343323
41.3508854954,62.84238547,75.2749216876,0.0409998893738
41.0344430203,62.6591652765,75.585294901,0.0390000343323
40.9757827663,62.5303471889,75.718831289,0.0409998893738
40.6960466294,62.2979409763,76.0223940489,0.0390000343323
40.7362491407,62.1448346536,76.1044704125,0.0390000343323
40.8730484909,62.0719492942,76.026648101,0.0420000553131
40.9279138311,62.0183554476,76.108036328,0.0390000343323
40.9109402499,62.0101619432,76.1862775208,0.0409998893738
40.8351094984,61.9658131944,76.303339786,0.0390000343323
40.6500296011,61.9394965847,76.5036236369,0.0379998683929
40.93072028,61.919928547,76.266413096,0.0420000553131
40.7105706241,61.8807328221,76.4787481784,0.0389997959137
40.6982149293,61.8625598296,76.5082014518,0.0410001277924
40.4249050865,61.8481923815,76.689783369,0.0390000343323
40.3453323354,61.8088522998,76.8081840149,0.039999961853
40.5499835273,61.6886681026,76.8527718666,0.0390000343323
40.7804337276,61.412296469,77.1536288088,0.0379998683929
40.8235851489,61.0865301835,77.6341756664,0.0410001277924
40.9961776879,60.8417472604,77.9169960489,0.0390000343323
41.2935433061,60.5435323313,78.1960223016,0.0420000553131
41.3507701136,60.1839277906,78.6007833266,0.0389997959137
41.6149086251,59.824608232,78.9185522693,0.0420000553131
41.3364165838,59.5471838157,79.5382575027,0.0390000343323
41.0074564814,59.3147746203,80.0621108212,0.0389997959137
40.9251364854,59.162068026,80.2632809868,0.0420000553131
40.8102116209,58.9743861617,80.5551367688,0.0390000343323
40.8359906784,58.8042750438,80.9739522581,0.0410001277924
40.8008367856,58.5908745864,81.4690333689,0.0389997959137
40.6031071288,58.3792571638,81.8074550625,0.0410001277924
40.7642776377,58.2892469884,81.7807188469,0.0390000343323
40.7108047341,58.2187684575,81.9506514197,0.0390000343323
40.8140535897,58.1528404808,81.9706648381,0.0409998893738
40.8104571184,58.107509376,82.3090462062,0.0390000343323
40.9198346552,58.0025975695,82.7380710328,0.0420000553131
40.7578266511,57.7362210764,83.3902657532,0.0390000343323
40.9045206463,57.438057272,83.7252752995,0.0390000343323
40.9430236312,57.0856022651,84.0485633121,0.0419998168945
40.8904588202,56.6855239756,84.4212201473,0.0380001068115
40.8203102068,56.3373756835,84.7283330473,0.0420000553131
40.9530691199,56.1424195135,84.7868581675,0.0369999408722
40.8420089298,55.8292164039,85.0737322379,0.0420000553131
40.9134604492,55.6030256955,85.2574058575,0.0390000343323
41.1828374136,55.405674462,85.3208733116,0.0390000343323
41.2827948441,55.1680300797,85.4737354652,0.0409998893738
41.3432225014,54.9412849377,85.6708597512,0.0390000343323
41.3202022958,54.6535194077,86.0006159798,0.0420000553131
41.4233715989,54.2768590718,86.3864139055,0.0390000343323
41.7290344895,53.9456808384,86.7269544334,0.0379998683929
42.0232354903,53.48921903,87.1272153779,0.0420000553131
41.9896666157,53.0021644374,87.581303655,0.0390000343323
42.4883321133,52.5574580267,87.5870809635,0.039999961853
42.8308651807,51.9483175547,87.7612191377,0.0390000343323
42.8434022,51.4218823653,88.0408714096,0.0409998893738
42.8253884415,50.809482934,88.2994382231,0.0390000343323
42.7914779391,50.2700391549,88.4836142149,0.0390000343323
43.1223292836,49.8120043298,88.3480269767,0.0410001277924
43.287796555,49.2380036754,88.4297851312,0.0389997959137
43.5083413061,48.7492816614,88.4270954987,0.0420000553131
43.783303112,48.3291922212,88.4284523696,0.0390000343323
43.9553492683,47.9540741182,88.3949207346,0.0380001068115
43.7775151125,47.5749022615,88.5371817118,0.0420000553131
43.7755755681,47.1145762385,88.6295271752,0.0390000343323
43.8446751081,46.6516919752,88.734790067,0.0420000553131
44.0257822293,46.1802143077,88.7630619239,0.0379998683929
44.1751020473,45.5478817163,88.7825178635,0.0410001277924
44.3223708758,45.0719168052,88.7558357461,0.0389997959137
44.4730651319,44.5631286079,88.8411845233,0.0390000343323
44.5662989339,44.1020793877,88.8377895597,0.0409998893738
44.8738441652,43.5680140196,88.7826872291,0.0379998683929
45.1661345949,43.0810956162,88.6923495934,0.0409998893738
45.1281416199,42.6749295664,88.7989629726,0.0390000343323
45.3406636668,42.1574220362,88.8100767245,0.0390000343323
45.5134828232,41.6826877931,88.8551787582,0.0419998168945
45.7222485164,41.2515735753,88.8260817316,0.0390000343323
45.9990336314,40.9766578864,88.6527379912,0.0409998893738
46.1087680078,40.6940229201,88.6770101453,0.0390000343323
46.0731342546,40.3804543076,88.7557624684,0.0409998893738
46.1605100299,40.1207026378,88.7234420534,0.0390000343323
46.4095872144,39.8695882262,88.6350146929,0.0390000343323
46.5513176558,39.5247854851,88.6035404293,0.0410001277924
46.7961972955,39.2365569006,88.5715056468,0.0390000343323
46.7747680146,38.8571140696,88.7149735402,0.0409998893738
47.0114806079,38.4388199542,88.6156017761,0.0390000343323
47.130299587,38.0590504548,88.6908771203,0.0409998893738
47.2629593766,37.8630983844,88.5999671086,0.0390000343323
47.3443532249,37.4804976452,88.6172195803,0.0389997959137
47.1048434297,36.9661678232,88.9840240722,0.0420000553131
47.2419092538,36.5774831668,89.0718727824,0.0390000343323
47.2286637018,36.2715076981,89.1827429102,0.0409998893738
47.3474415621,36.0140718297,89.1602050822,0.0390000343323
47.3971971944,35.735472508,89.2030074365,0.0409998893738
47.5244400828,35.5202429047,89.2105693826,0.0390000343323
47.6970837172,35.2925953944,89.1189527538,0.0390000343323
47.8659630218,34.9243103479,89.2213589902,0.0410001277924
48.4649896936,34.4639120592,89.0404283276,0.0389997959137
48.5957362641,34.0609189223,89.08828507,0.0420000553131
48.7696237977,33.6243572979,89.1276441156,0.0390000343323
49.011891968,33.3136889923,89.1135734903,0.0409998893738
49.3266405485,33.0411879284,89.0723071546,0.0390000343323
49.460392274,32.6547752792,89.1408242667,0.0390000343323
49.7943893128,32.1489266586,89.2047170456,0.0420000553131
49.9645725988,31.4830620233,89.3553311894,0.0389997959137
50.145576829,31.0983219182,89.3698812363,0.0410001277924
50.3645997265,30.959775771,89.3509577177,0.0390000343323
50.6031071917,30.7392939131,89.3790047747,0.0410001277924
50.9849203213,30.4745089185,89.3338230981,0.0390000343323
51.4019459611,30.0632994667,89.290473943,0.0390000343323
51.6961536366,29.5602458729,89.4531640151,0.0410001277924
52.3075002434,29.2631586396,89.3347651119,0.0390000343323
52.8005075095,28.9382019535,89.3320338206,0.0420000553131
53.3235763649,28.5701004897,89.3063714254,0.0389997959137
53.8813581638,28.2516308565,89.4116056839,0.039999961853
54.8164477516,28.2653833839,89.301775279,0.0390000343323
55.492080246,28.2410828696,89.2566719001,0.0380001068115
55.9442513024,28.0795830489,89.3336378767,0.0409998893738
56.306904997,27.9120400483,89.4051067075,0.0390000343323
56.3942182921,27.724503857,89.6034021594,0.0410001277924
56.6293243896,27.7070996189,89.6628421084,0.0390000343323
56.8822471559,27.6779748049,89.7662173905,0.0390000343323
57.1158729811,27.7130767324,89.795983449,0.0409998893738
57.1961884073,27.8448440775,89.7314749907,0.0380001068115
57.1881445986,27.9107532749,89.7477754906,0.0419998168945
57.3380341547,27.809762562,89.8108482725,0.0390000343323
57.7054537088,28.0109664132,89.7226951187,0.0390000343323
58.0322565968,28.2553174842,89.5804016887,0.0420000553131
58.1322942875,28.313135369,89.5746668911,0.0390000343323
57.9917883394,28.0479102078,89.9232245785,0.0420000553131
58.3863088656,28.3148332582,89.7752379153,0.0390000343323
58.7873474187,28.6419813181,89.5736918276,0.0379998683929
58.9330474822,28.7978462398,89.473291271,0.0410001277924
59.0638126674,28.8629894597,89.5770636266,0.0389997959137
59.1379043998,28.8266999239,89.6596923175,0.0410001277924
59.2844081569,28.9440748542,89.6081215141,0.0379998683929
59.4730587901,29.1591574236,89.6382665381,0.0420000553131
59.7230740242,29.4462354823,89.6424714526,0.0379998683929
60.1807367048,29.9000560082,89.3373719976,0.0390000343323
60.551606937,30.4113314832,89.2901546701,0.0410001277924
60.7995019131,30.6742823724,89.3140145867,0.0390000343323
60.9590832896,30.6391348679,89.3540685772,0.0420000553131
60.9327964042,30.2380094612,89.7746541924,0.0379998683929
61.1510886134,30.1287898137,90.0182958275,0.0390000343323
61.7873520219,30.738117156,89.6758039063,0.0419998168945
62.2975154462,31.4476369689,89.3201262628,0.0390000343323
62.6994825205,31.927536384,89.160363014,0.0420000553131
62.8753051773,32.1532271522,89.1856970759,0.0390000343323
63.4517012046,32.8865017098,88.9682174966,0.0420000553131
64.0363769222,33.7926414926,88.7633327996,0.0389997959137
64.4550793525,34.3939154348,88.4959970037,0.0390000343323
64.919521828,35.1038356583,88.1700182114,0.0420000553131
65.3708544401,35.715002651,87.8861394748,0.0390000343323
65.5983421673,36.0062765955,87.8692367148,0.0409998893738
65.8095367057,36.3059468693,87.8097058262,0.0390000343323
66.2899698364,36.7968375783,87.7055732278,0.0390000343323
66.5998988476,37.0329759789,87.6907258883,0.0409998893738
66.9522062513,37.4838073784,87.5621167922,0.0390000343323
67.1881952252,37.8925733563,87.562159444,0.0420000553131
67.1696465203,37.8936889819,87.7449146826,0.0380001068115
67.4814792455,38.1693694426,87.477444509,0.0420000553131
67.4678476306,38.1391136053,87.5785709829,0.0390000343323
67.5364307071,38.1871706908,87.5754565255,0.0389997959137
67.3877369568,38.0115789344,87.7988240135,0.0420000553131
67.5047140802,38.101560824,87.6384905367,0.0390000343323
67.6228585452,38.3144843808,87.4814434535,0.0420000553131
68.0024967223,38.9219648093,87.3274258085,0.0379998683929
68.5701916862,39.6043747662,87.1835383678,0.0390000343323
69.010541677,40.2300300264,87.1159196605,0.0410001277924
69.3262339683,40.6766518808,87.0691930879,0.0389997959137
69.6847900447,41.3281760666,86.9632028819,0.0409998893738
70.0357477625,41.9311019952,86.8656999705,0.0390000343323
70.1251039958,42.2041482418,87.1976019241,0.0410001277924
70.1293947821,42.4345479871,87.3601140755,0.0390000343323
70.326249511,42.696954913,87.2626090557,0.0390000343323
70.358533063,42.8163154528,87.3870894884,0.0410001277924
70.387417094,42.86833317,87.5018824911,0.0390000343323
70.5051160334,42.9186454686,87.5633379206,0.0420000553131
70.7268082713,43.0857585703,87.5068307995,0.0389997959137
70.9518826037,43.1684641477,87.5057219301,0.0410001277924
71.0360255357,43.0731638953,87.7212607772,0.0390000343323
71.1513411076,43.1325029574,88.0257550759,0.0390000343323
71.2631129102,43.3061439054,88.0503074186,0.0409998893738
71.2368540035,43.3274332572,88.0974993622,0.0390000343323
71.4585196254,43.69085596,87.7896457795,0.0410001277924
71.3993562934,43.6428183028,88.0892537217,0.0390000343323
71.2819423732,43.6924425466,88.4657599995,0.0420000553131
71.4356123407,43.9583577611,88.6642939531,0.0379998683929
71.6001557847,44.2589432699,88.7744305373,0.0390000343323
71.6780133969,44.4389974915,88.9385467218,0.0409998893738
72.068026802,44.9337029736,89.0014509371,0.0390000343323
71.9618727532,45.0103837355,89.3943463068,0.0409998893738
71.6114029108,44.9490227313,90.0871383818,0.0390000343323
71.8204063823,45.3142727042,90.4040056463,0.0390000343323
72.1603113529,45.7801433472,90.6123745194,0.0419998168945
72.6635083903,46.2305783703,90.5129414717,0.0390000343323
72.8282895093,46.3401799093,90.857837166,0.0409998893738
72.9564039836,46.4694073324,90.8979725795,0.0390000343323
73.1295050363,46.5711610063,90.8783190612,0.0409998893738
73.301694659,46.6254716995,90.8816603424,0.0380001068115
73.4243313556,46.6378892253,90.8703468086,0.0390000343323
73.5461384072,46.6791852431,91.1074631506,0.0410001277924
73.6935127228,46.8230209991,90.9723187004,0.0390000343323
73.8050542514,46.9380472371,91.0174156135,0.0420000553131
73.6880012183,46.7867003082,91.3526893907,0.0370001792908
73.681705817,46.717085746,91.5426189868,0.0420000553131
73.4677396386,46.5083490426,91.9189969775,0.0380001068115
73.5330987518,46.5567972442,91.7875487383,0.0389997959137
73.3829159259,46.6200773364,92.2277784474,0.0410001277924
73.7364668818,47.0342968069,92.3917495081,0.0390000343323
73.834959185,47.3295819714,92.7011874637,0.0409998893738
74.1000828739,47.4838436316,92.7397628999,0.0390000343323
74.438991994,47.7362447766,92.9206773822,0.0390000343323
73.9667031762,48.027367998,93.9136867111,0.0429999828339
74.1585066509,47.9346097389,93.976015453,0.0389997959137
74.3514808575,48.067654058,93.8826373092,0.0410001277924
74.593171568,48.4808872899,93.8984936494,0.0390000343323
75.0832657247,48.8256114856,94.1090377119,0.0410001277924
75.4917050283,49.1707082749,94.1071364835,0.0390000343323
75.7120310868,49.3548295453,94.2165134074,0.0379998683929
75.8068627319,49.3664785158,94.2619022481,0.0409998893738
76.1163683208,49.549179672,93.99051672,0.0390000343323
76.2961006274,49.7057044194,94.0064857927,0.0410001277924
75.9781811881,49.6539412881,94.4003240962,0.0389997959137
76.0202042077,49.5561159506,94.7961953479,0.0420000553131
76.0014751704,49.5115381756,95.1541577646,0.0390000343323
76.165225788,49.6210003049,94.8174801593,0.0390000343323
76.2589827134,49.6820404401,94.8285273902,0.0419998168945
76.0176591788,49.4529378376,95.058982273,0.0390000343323
75.7348974496,48.9282223699,95.5279353465,0.0420000553131
75.7443628531,48.6970193097,95.529421499,0.0390000343323
75.9306443327,48.5840838943,95.2887009246,0.039999961853
75.9724958931,48.6125814959,95.2108947837,0.0389997959137
75.743664205,48.6429174455,95.7342566263,0.0490000247955
76.3006766357,49.066945253,95.6728187473,0.0320000648499
76.5174214343,49.262670531,95.6541476951,0.0390000343323
76.6259228789,49.4893765209,95.8626732662,0.0409998893738
76.6093264935,49.6404837133,95.9788711889,0.0390000343323
76.5709739191,49.6220476608,95.9603087248,0.0420000553131
76.5530405316,49.547638129,96.2283530693,0.0390000343323
76.8213620502,49.7846632611,96.0628345388,0.0390000343323
77.2103392117,50.171611153,96.0961691091,0.0429999828339
77.4364997805,50.2300322604,96.2257494962,0.0390000343323
77.6127912007,50.4714477254,96.391451134,0.0419998168945
77.903077653,50.5656424929,96.2527711728,0.039999961853
77.6772888684,50.5803176064,96.7087666742,0.0419998168945
77.6135817217,50.5909128259,96.8160911426,0.0380001068115
77.7509398245,50.8648564235,96.8287104265,0.0390000343323
78.1359837465,51.2094150733,96.896748506,0.0409998893738
78.6795000959,51.5138285521,96.6898813854,0.0390000343323
79.025675318,51.8936805854,96.3454579328,0.0409998893738
79.2464461645,52.0132861876,96.2510800992,0.0380001068115
79.3120285462,52.0852047927,96.0777824455,0.0419998168945
79.7483427444,52.3643739847,95.9088996206,0.0390000343323
79.8691901383,52.5357858972,95.9373931885,0.0390000343323
80.2438191417,52.8486387231,95.7617048583,0.0420000553131
80.4188968352,53.0352874309,96.1034244874,0.0390000343323
80.7399699075,53.2478097958,96.2091342385,0.0420000553131
81.1332284852,53.4828825036,96.2702298401,0.0390000343323
81.4136869976,53.8939304214,96.1291887028,0.0390000343323
82.0067399069,54.1339165815,96.1024923942,0.0410001277924
82.585300054,54.4205065653,96.0677233726,0.0389997959137
83.0338418536,54.7013007613,96.0615863305,0.0410001277924
83.741926437,55.0618949912,95.7485585247,0.0379998683929
84.331048651,55.169324228,95.7274110164,0.0420000553131
84.7939547173,55.1680892443,95.7827757523,0.0379998683929
85.6410695868,55.2825757399,95.861348276,0.0390000343323
86.3889992359,55.3122630331,95.9955242649,0.0420000553131
87.1050910606,55.3049362574,96.1143142834,0.0389997959137
87.8858586834,55.4254669659,95.8684242479,0.0420000553131
88.6604340236,55.4471768782,96.0290829875,0.0390000343323
89.6362991657,55.5330526762,95.9191732522,0.0390000343323
91.066441165,55.3454721238,95.6567107931,0.0419998168945
92.4071653761,55.1711625846,95.3782440872,0.0390000343323
93.3176928246,55.0201843993,95.4576646813,0.0410001277924
95.3083039395,57.3561157319,90.7161555183,0.0390000343323
96.1498697081,57.3117210529,90.3142791374,0.0380001068115
96.887389297,56.7077560147,90.7680460328,0.0409998893738
97.6869470403,56.1397303704,91.0427790859,0.0380001068115
98.6390626048,55.5568062397,91.2241588062,0.0419998168945
99.3613427602,55.1886598506,91.0755075552,0.0380001068115
99.9022800058,54.6763931168,91.0959435426,0.0419998168945
100.165020045,54.2371236708,91.5751509462,0.0390000343323
100.174014879,54.3260407476,91.1253175266,0.0390000343323
100.272476927,54.00243148,91.647474028,0.0409998893738
100.187283531,54.0553020462,91.5860399806,0.0390000343323
100.331769855,54.0712441392,91.4731061878,0.0420000553131
100.433733934,53.8227303407,91.8917341708,0.0380001068115
100.481264123,53.9727716983,91.6390473575,0.0389997959137
100.916024665,54.1454728608,90.7892246686,0.0410001277924
101.545184699,53.5631202044,91.2263232393,0.0390000343323
102.103869723,52.9779077759,91.6608397046,0.0410001277924
102.390775131,52.4786272003,91.8242527355,0.0379998683929
102.482742328,52.708793213,91.1451388084,0.0420000553131
102.796177975,52.6005642345,90.9063570404,0.0390000343323
103.105439092,51.9754489028,91.3156613026,0.0390000343323
103.373209664,52.0574801665,90.8521173607,0.0410001277924
103.71958431,51.5773909227,91.2845303714,0.0389997959137
103.837624031,51.2323385492,91.5139535965,0.0410001277924
104.180764906,51.1656509163,91.4861776296,0.0379998683929
104.377181804,50.9223873751,91.6042780223,0.0390000343323
104.562384455,50.9367936321,91.1809955968,0.0419998168945
104.801068311,50.8613365517,90.7181133741,0.0390000343323
105.055982801,50.724970859,90.3901005151,0.0420000553131
105.549075344,50.5906837929,90.3675059668,0.0390000343323
105.728967928,50.2890967462,90.2196269822,0.0390000343323
106.017937852,49.9555044861,90.2871923618,0.0420000553131
106.514577721,49.2823875734,90.5861306121,0.0390000343323
106.781284857,49.0733215608,90.4027973815,0.0419998168945
107.2089215,48.7015763038,90.6397843187,0.0390000343323
107.503381232,48.6463926924,90.243359766,0.0390000343323
107.775760899,48.4021278265,90.2872052198,0.0410001277924
108.199590693,48.1119968372,90.1079799157,0.0390000343323
108.528036409,47.4916299823,90.4984851319,0.0420000553131
108.797054055,47.131387088,90.7023527935,0.0380001068115
109.108049713,46.8426739169,90.6500709532,0.0390000343323
109.383017231,46.6637459844,90.42560426,0.0410001277924
109.74585543,45.9516944832,90.8076593904,0.0389997959137
110.124765568,45.5993778077,90.7125896383,0.0420000553131
110.489552137,45.3255756143,90.4297660615,0.0390000343323
110.714771781,45.2926755,89.9926743375,0.0390000343323
111.116178198,45.1899744103,89.8054680232,0.0409998893738
111.649480006,44.47511345,90.192474779,0.0390000343323
111.950218577,44.1285285741,90.3212698029,0.0410001277924
112.220133529,43.7932250094,90.2325153514,0.0390000343323
112.405583722,43.7136701972,90.1936050275,0.0410001277924
112.571814311,43.371151472,90.3473910028,0.0379998683929
112.719155653,42.9662762784,90.725856848,0.0390000343323
112.857680706,43.3512394607,90.2864671827,0.0419998168945
113.151235944,42.9499228261,90.6273774911,0.0380001068115
113.440174815,42.7513763869,90.5523053914,0.0419998168945
113.719426233,42.4887060736,90.3978727117,0.0390000343323
114.261919161,41.6359912283,91.0222520369,0.0390000343323
114.694824068,41.5986959308,90.7175520302,0.0420000553131
114.881725606,41.4617146971,90.5284071419,0.0380001068115
114.819801278,41.8164830814,90.0467556355,0.0420000553131
114.9758541,41.4270021687,90.471787822,0.039999961853
115.107766925,41.5828033181,90.1656974716,0.0389997959137
115.254831589,41.4346178139,89.9451611675,0.0420000553131
115.559541638,41.1347351558,89.9926471566,0.0390000343323
115.669024433,41.3679535255,89.6713227591,0.0420000553131
115.925361516,40.9833386032,90.0074821966,0.0389997959137
116.346304538,40.5472526439,90.6496404323,0.0390000343323
116.526137568,40.4583185961,90.6238600732,0.0400002002716
116.763364321,40.2654677068,90.5883758107,0.0390000343323
116.762737849,40.3302114814,90.4999674579,0.0409998893738
116.776429075,40.3159864859,90.3548525928,0.0390000343323
116.969265381,39.9836966605,90.5845026948,0.039999961853
117.063780077,40.0930892031,90.4166842461,0.0419998168945
117.195209101,40.0447673538,90.3468116158,0.0390000343323
117.471560216,39.7770266441,90.6111392122,0.0419998168945
117.638127617,39.5168042286,90.6344909424,0.0380001068115
117.755438547,39.5510320599,90.4426101805,0.0390000343323
118.049337332,39.2669493001,90.6318697403,0.0420000553131
118.619256446,38.2803247411,91.6211285164,0.0390000343323
118.736603671,38.29600231,91.4223487658,0.0420000553131
118.959479532,38.1366084813,91.4420857091,0.0390000343323
119.035811179,38.6027838178,90.8293578687,0.0379998683929
119.202299644,38.1159746322,91.3629865321,0.0420000553131
119.452765901,37.9318070925,91.6417525288,0.0390000343323
119.548868566,37.867793503,91.473374968,0.0420000553131
119.802780292,37.8725265403,91.3649738669,0.0379998683929
120.032213258,37.4102544174,91.7237922007,0.0420000553131
120.379247415,37.3794112781,91.6309621048,0.0390000343323
120.570230229,37.0066809134,92.1259328841,0.0389997959137
120.856958228,36.405617013,92.7191174797,0.0410001277924
120.865394417,36.4235815469,92.7728930303,0.0390000343323
120.854996372,36.6115909472,92.675099397,0.0410001277924
120.863604344,36.8416417524,92.4230612406,0.0390000343323
121.024787546,36.7527971593,92.4436939664,0.0390000343323
120.989275304,36.6731667005,92.4352682495,0.0419998168945
120.892510245,36.7332579198,92.3115825516,0.0390000343323
120.878945052,36.7338690616,92.1732247538,0.0410001277924
121.009289242,37.0560199721,91.868318638,0.039999961853
121.207841477,37.2009374911,91.646690473,0.0390000343323
121.338297,37.4306541928,91.3730871899,0.0420000553131
121.452988787,37.5430604192,91.2207086068,0.0390000343323
121.892999904,37.3842486895,91.5591235633,0.0419998168945
122.187914513,37.2542490747,91.654660178,0.0390000343323
122.420643748,37.2428564899,91.6628528278,0.0390000343323
122.518290082,37.0462477309,91.8921192942,0.0420000553131
122.723456378,36.8830588396,92.1700717633,0.0389997959137
123.125402221,36.6107918496,92.573355013,0.0420000553131
123.241336522,36.9487269408,92.158351631,0.0390000343323
123.438614794,36.9911320717,92.1807230549,0.0389997959137
123.451829058,37.1994387943,91.9322464287,0.0420000553131
123.496585076,37.0737820301,91.9775854006,0.0390000343323
123.416353962,37.312530751,91.8052237602,0.0420000553131
123.204893506,37.793937073,91.2452705251,0.0390000343323
122.994486015,37.9448779883,90.99439883,0.0420000553131
122.980232551,37.9074599112,91.1070963045,0.0389997959137
123.001476265,37.6582854661,91.4281606571,0.039999961853
123.253650411,37.2308650507,91.9502690208,0.0420000553131
123.426559235,37.1772499085,92.0200466714,0.0390000343323
123.439791931,37.3120519792,91.8533163532,0.0420000553131
123.463538615,37.8803652836,91.3928708742,0.0390000343323
123.778608848,37.6924333896,91.6114534651,0.0390000343323
123.994855581,37.8996665822,91.5313427433,0.0419998168945
124.123554264,37.8275356934,91.6037730346,0.0390000343323
123.990925956,38.1279549311,91.2685890917,0.0409998893738
123.876466018,38.5917472248,90.8000293085,0.0390000343323
124.109378271,38.1016309967,91.3700742719,0.0390000343323
124.203564748,37.6470782736,91.7318744535,0.0420000553131
124.254038188,38.0470552305,91.3630676221,0.0380001068115
124.130924539,38.6970117038,90.667582621,0.0419998168945
124.256948718,38.6334237658,90.7082218946,0.0390000343323
124.557968989,38.2686343558,91.2193121735,0.0390000343323
124.758174403,38.2591827947,91.2878882891,0.0420000553131
133.174453224,21.6604750479,106.898949163,0.0390000343323
133.325660557,21.5104813634,106.996917612,0.0409998893738
133.537548378,21.9820279856,106.804700815,0.0390000343323
133.890256845,22.4277339141,106.256193383,0.0390000343323
134.283827053,22.6544016562,105.841548135,0.0410001277924
134.228390252,23.185045976,105.271749904,0.0389997959137
134.453236106,23.1824754974,105.242272374,0.0420000553131
134.738404311,22.7656573221,105.454150621,0.0390000343323
134.790498683,22.9061535517,105.33466434,0.0380001068115
134.723790871,23.1528147739,105.157719242,0.0409998893738
134.619346209,23.3784357243,104.91582873,0.0390000343323
134.552169306,23.4680724457,104.756798372,0.0410001277924
134.660332333,23.4018932546,104.855365444,0.0380001068115
134.636852269,24.0871523896,104.294725464,0.0390000343323
134.785676461,24.5206373112,103.785868831,0.0409998893738
134.981619661,24.5154613355,103.648933051,0.0380001068115
135.160803433,24.7501163502,103.398661642,0.0419998168945
135.321024302,24.7495186901,103.289578265,0.0390000343323
135.416030547,24.8163520394,103.147993245,0.0409998893738
135.637863821,24.7946076657,103.082221285,0.0390000343323
135.977336453,24.6770323172,103.000555298,0.0379998683929
135.992481953,24.9332813528,102.684955267,0.0420000553131
135.854361972,24.9944358211,102.490610591,0.0390000343323
135.824543633,25.1627843634,102.259076315,0.0410001277924
135.798342102,25.5772177387,101.842588668,0.0390000343323
136.124560655,25.9006931773,101.444209442,0.0389997959137
136.044505307,26.1509123564,100.95753214,0.0420000553131
136.001558067,26.335290682,100.693313531,0.0379998683929
136.087327402,26.4987599224,100.548513924,0.0420000553131
136.07082693,26.8345286515,100.329714144,0.0389997959137
136.116823104,27.0952151146,100.153042884,0.0390000343323
136.381839469,27.0716754756,100.228047199,0.0420000553131
136.559636937,27.1102330284,100.170123044,0.0390000343323
136.565798919,27.3869301425,99.8626927466,0.0409998893738
136.609757284,27.7151015141,99.508858494,0.0390000343323
136.918059016,27.9451546157,99.2298815548,0.0420000553131
137.07532474,28.0411309931,98.974963034,0.0390000343323
136.933764458,28.4050024117,98.3705301107,0.0390000343323
137.140147625,28.6267628312,98.0242951624,0.0419998168945
137.32033287,28.7411040125,97.7906279925,0.0390000343323
137.403706543,29.1033943902,97.3683339884,0.0409998893738
137.613377384,29.1254235975,97.2111204422,0.0390000343323
137.633808501,29.2797488625,97.1096565981,0.0380001068115
137.612175947,29.6583682246,96.7349402695,0.0420000553131
137.659372616,29.8813895829,96.3929231009,0.0390000343323
137.745657975,29.7801621215,96.3233235348,0.0409998893738
137.899384932,29.7529117416,96.2222035031,0.0390000343323
138.035679667,29.8238509294,96.1566624269,0.0379998683929
137.993670962,29.848649496,96.0320733012,0.0420000553131
137.942181117,29.8967756124,95.877579988,0.0389997959137
138.18356206,29.623161808,96.0865555401,0.0410001277924
138.194325727,29.648140827,96.0581279698,0.0390000343323
138.166171531,29.6774334377,95.8123250244,0.039999961853
138.290209365,29.8045211533,95.6709910127,0.0420000553131
138.471057599,29.8753392781,95.6010593375,0.0390000343323
138.651351486,29.8779580428,95.5025167005,0.0410001277924
138.823061495,30.0218001629,95.3406917746,0.0379998683929
139.170094308,30.0382468267,95.2824539738,0.0390000343323
139.378436446,30.2653414559,95.0888393881,0.0409998893738
139.523058774,30.4739951042,94.7269851879,0.0380001068115
139.723678671,30.7295734596,94.1966823087,0.0420000553131
139.965455284,30.8855402516,93.8303342006,0.0390000343323
140.237168586,31.0154609998,93.7019716671,0.0380001068115
140.280733759,31.2475630961,93.3602580264,0.0420000553131
140.253512585,31.5997214424,92.9588658064,0.0390000343323
140.465469885,31.6842707464,92.8604069055,0.0409998893738
140.625944213,31.8574019661,92.6498646779,0.0390000343323
140.80423541,31.9723138146,92.422205453,0.0390000343323
140.726022269,32.2397502263,91.9445862701,0.0420000553131
140.972915901,32.3690496518,91.8797528248,0.0379998683929
141.12780155,32.7341532293,91.6433853699,0.0420000553131
141.184508854,32.9700761873,91.2946676905,0.0380001068115
141.056505071,33.2215845725,90.9708653701,0.0410001277924
141.044117186,33.4549526,90.6562410475,0.0390000343323
140.473467796,33.9087321233,90.3869348074,0.039999961853
140.619138255,33.967239105,90.2909531012,0.0420000553131
141.872634188,32.2773943489,92.0205863709,0.0390000343323
141.411776854,33.7083117187,90.8273558435,0.0420000553131
140.961886504,34.7145975915,89.9331467706,0.0389997959137
140.713155164,35.0441998615,89.5460412668,0.0390000343323
140.805358443,35.084789982,89.4732999802,0.0420000553131
140.844857965,35.0880986267,89.3193460457,0.0390000343323
140.766792089,35.1560533476,89.200204617,0.0420000553131
140.889372419,35.0108471684,89.3048064709,0.0390000343323
141.040834005,34.9035163209,89.510132967,0.039999961853
141.218064224,34.6557278278,89.7491534382,0.0419998168945
141.277378444,34.630641009,89.8138610779,0.0380001068115
141.17725232,34.8313561431,89.6209035528,0.0409998893738
141.256923841,34.8613705289,89.6190904412,0.0390000343323
141.357307236,34.8160215154,89.6812548187,0.0409998893738
141.299642234,34.8156817864,89.6328040488,0.0390000343323
141.317501944,34.8307799035,89.6859468428,0.0390000343323
141.309036415,34.8447605871,89.730034547,0.0410001277924
141.321010628,35.020955491,89.559925358,0.0390000343323
141.407974167,35.3718281575,89.3840268246,0.0420000553131
141.415042385,35.6974591987,89.1671359735,0.0390000343323
141.628422255,35.8874882136,89.170766985,0.0379998683929
141.643431475,36.0951577848,89.1404179463,0.0420000553131
141.801830738,36.1844060046,89.1726054375,0.0379998683929
141.862602572,36.3563326238,89.1514459688,0.0420000553131
141.993283024,36.6824712183,89.0635788009,0.0390000343323
142.128616852,36.9223982065,88.9433632698,0.0379998683929
142.103969179,37.2133746221,88.8221732341,0.0409998893738
142.233753364,37.3211372257,88.835385591,0.0390000343323
142.404311146,37.5311848233,88.8157492729,0.0420000553131
142.62585284,37.7080718057,88.8286625162,0.0389997959137
142.668534938,37.9197647197,88.6878731053,0.0380001068115
142.777473772,38.2917275791,88.5261609148,0.0420000553131
142.721333062,38.458264739,88.3711011665,0.0390000343323
142.733634833,38.5623867554,88.2306535466,0.0409998893738
142.720886553,38.6585677724,88.1650967449,0.0390000343323
142.775117353,38.6601444113,88.1952030893,0.0409998893738
142.925482809,38.9427164153,88.2049051363,0.0390000343323
142.953176391,39.0718345443,88.1793767322,0.0390000343323
143.030385473,39.3727263883,88.0885883819,0.0420000553131
143.073074512,39.648542931,87.9444051689,0.0380001068115
143.123857419,39.8248484709,87.8647315886,0.0409998893738
143.302080227,40.0180352174,87.9139385889,0.0390000343323
143.448201977,40.0515765432,88.0366465914,0.0379998683929
143.542642692,40.1145379043,88.021168189,0.0410001277924
143.767482928,40.4565458288,87.9337912346,0.0390000343323
143.997542237,40.9241775677,87.860373078,0.0409998893738
144.29003309,41.1191406508,87.9302360461,0.0390000343323
144.282711107,41.5098026427,87.7494770407,0.039999961853
144.386950385,41.8055946504,87.7068958342,0.0390000343323
144.446664157,41.9641439344,87.6892747995,0.0379998683929
144.646042884,42.0960667721,87.679269904,0.0420000553131
144.979594937,42.4038467125,87.7319021211,0.0380001068115
145.041837803,42.6954801606,87.5394393688,0.0420000553131
145.14098202,42.7591243336,87.600087291,0.0380001068115
145.071189545,43.0491179095,87.427120129,0.0420000553131
145.18748573,43.2966790041,87.3393099726,0.0390000343323
145.331504105,43.6311943133,87.2856850797,0.0390000343323
145.605445578,43.9438786248,87.3812619486,0.0420000553131
145.710300657,44.1986365636,87.2953609636,0.0389997959137
145.643605717,44.3976815467,87.2160349389,0.0420000553131
145.835574914,44.6785946073,87.1610587158,0.0400002002716
146.18348428,45.0679134716,87.2487994083,0.0390000343323
146.464436359,45.4137849594,87.1770878908,0.0409998893738
146.625556893,45.7791625596,87.072776037,0.0390000343323
147.04962875,46.0371772826,87.2439769409,0.0420000553131
147.320857284,46.1838379198,87.3732852,0.0390000343323
147.628070483,46.3296888763,87.4520318462,0.0410001277924
147.764656747,46.3900670501,87.489898271,0.0379998683929
147.878774322,46.764714498,87.3790821168,0.0390000343323
148.187616674,47.0878691868,87.366030389,0.0409998893738
148.488557943,47.4996427171,87.3273962691,0.0390000343323
148.701363942,47.6442080352,87.3471092158,0.0409998893738
148.908707197,48.1775166758,87.1918151975,0.0390000343323
149.076463871,48.5195743115,87.1509213588,0.0390000343323
149.266278223,48.708574063,87.2118618026,0.0409998893738
149.715776125,48.9603014133,87.39913102,0.0390000343323
149.81532,49.1682120456,87.3725126893,0.0420000553131
150.012398328,49.3913979589,87.3478935865,0.0390000343323
150.180654086,49.6955626529,87.2030223581,0.0379998683929
150.542410766,50.0109009696,87.2300126166,0.0420000553131
150.412930918,50.2058248472,87.0033930501,0.0390000343323
150.480484879,50.3483546445,86.9733019176,0.0410001277924
150.403830632,50.4150774575,86.829616682,0.0390000343323
150.343420144,50.4116252573,86.7903441269,0.0390000343323
150.305503624,50.4358246454,86.792891432,0.0410001277924
150.349595294,50.3688243811,86.8508804691,0.0390000343323
149.977592188,50.436096245,86.5676266691,0.0420000553131
150.291654546,50.6177763805,86.5966655427,0.0389997959137
150.678110992,50.9348798081,86.5503049925,0.0380001068115
151.197431319,51.322112201,86.5812451481,0.0409998893738
151.72673249,51.6469032614,86.6934125858,0.0390000343323
152.311278295,52.0521321271,86.8273746562,0.0409998893738
152.986693845,52.4975037717,86.999877269,0.0379998683929
153.385409268,52.7891436201,87.1108587525,0.0390000343323
153.911702135,53.1035873132,87.2407469597,0.0409998893738
154.146473814,53.3830685158,87.124354276,0.0390000343323
153.921901699,53.513991626,86.8675465688,0.0409998893738
153.911886123,53.703147452,86.7096408105,0.0390000343323
153.701779033,53.829319982,86.4619063959,0.0389997959137
154.068221268,54.0206170511,86.6421079039,0.0420000553131
154.423241971,54.1871135943,86.7457961867,0.0390000343323
154.665966795,54.350124679,86.8316438437,0.0410001277924
155.342011768,54.642269998,87.025202854,0.0390000343323
155.645544466,55.0375936816,86.9636691555,0.0369999408722
155.856567021,55.3282420042,86.8487993203,0.0420000553131
156.075765302,55.585807283,86.7977110565,0.0390000343323
156.437593401,55.7896730682,86.8320807857,0.0410001277924
156.925099384,56.1178093548,86.9492831716,0.0389997959137
157.250795017,56.4454450561,86.8993396326,0.0390000343323
157.554641849,56.7238771548,86.8745631028,0.0409998893738
158.064771017,57.0905958761,86.9769147686,0.0390000343323
158.407923151,57.4704812496,86.9978916792,0.0409998893738
158.698617894,57.819801079,86.9746110775,0.0390000343323
159.13801592,58.0510388822,87.0407628896,0.0380001068115
159.721380175,58.3039966804,87.1058419451,0.039999961853
160.031389065,58.6232515976,87.0530750671,0.0390000343323
160.052890924,58.9505901272,86.8161291332,0.0420000553131
160.811166704,59.4065339543,86.9928759942,0.0390000343323
161.525476255,59.8680323912,87.1112920404,0.0409998893738
156.638453093,60.3702367139,83.3095587786,0.0390000343323
157.13111196,60.8667361839,83.3851988757,0.0390000343323
157.755099328,61.2883130082,83.6248389159,0.0410001277924
157.70661266,61.7253128484,83.3622983335,0.0390000343323
158.190843361,62.2636677766,83.4668059241,0.0409998893738
158.616504349,62.7604289683,83.4154958372,0.0390000343323
159.173932647,63.2066411804,83.517503972,0.0390000343323
159.500503102,63.6805898852,83.4296243072,0.0420000553131
159.691849175,64.0601956943,83.3770979497,0.0389997959137
159.897113097,64.3041729793,83.4941073217,0.0420000553131
160.056578919,64.4940093993,83.532905041,0.0390000343323
160.089947144,64.6886406159,83.4426861455,0.0390000343323
160.349863376,64.8717129012,83.432279599,0.0420000553131
160.850869732,65.1867802027,83.633183711,0.0390000343323
160.660339678,65.4089418823,83.3914034569,0.0410001277924
161.118482451,65.7412608071,83.4990976558,0.0389997959137
161.598046999,66.0092860391,83.6193039272,0.0390000343323
161.484084738,66.2943174787,83.4151205118,0.0409998893738
161.923178784,66.6040828943,83.5425347209,0.0390000343323
162.397009421,66.9739380683,83.7258404199,0.0409998893738
162.783177806,67.3181078686,83.8131286271,0.0390000343323
162.804084871,67.6766629283,83.6967435845,0.0420000553131
163.152457808,67.9135219912,83.8126394773,0.0390000343323
163.327119207,68.2256011452,83.9151007248,0.0390000343323
163.228143016,68.4563138616,83.8157400473,0.0409998893738
163.320316608,68.7160399228,83.796201414,0.0390000343323
163.716932696,69.0826525103,83.9644119283,0.0409998893738
164.170699255,69.4983067983,84.09649631,0.0390000343323
164.254983743,69.747242094,84.1022631029,0.0379998683929
164.486084813,69.9695860405,84.2442345538,0.0420000553131
164.656192554,70.1848568729,84.2741843719,0.0390000343323
164.854255827,70.4012285704,84.3860073031,0.0420000553131
164.924869897,70.7389102934,84.4073206644,0.0390000343323
165.481574593,71.0389665838,84.6796416224,0.0390000343323
165.593761865,71.3364851012,84.6734471664,0.0410001277924
165.560549544,71.5241701026,84.6405647972,0.0389997959137
165.671224858,71.7033434756,84.6468785811,0.0420000553131
165.783559881,71.7197408941,84.6785212138,0.0390000343323
166.003303504,71.6789135072,84.8315297406,0.0420000553131
166.045401173,71.840828333,84.7594416897,0.0389997959137
166.164185435,72.119352083,84.7633140772,0.0390000343323
166.126344736,72.3628003177,84.7103182146,0.0420000553131
166.015838917,72.5251368932,84.7132045608,0.0390000343323
166.04430355,72.6483666522,84.6622686619,0.0420000553131
165.951121272,72.8617228165,84.5889376191,0.0379998683929
165.893991178,73.1635440023,84.5566000653,0.0390000343323
166.16197063,73.4444462859,84.6578188529,0.0409998893738
166.14747865,73.5901676325,84.5902234443,0.0380001068115
166.054509646,73.6496819715,84.5073874909,0.0419998168945
166.004297709,73.7137469125,84.4899243647,0.0390000343323
166.114701936,73.9033197038,84.5090458467,0.0390000343323
166.156892669,74.036528834,84.3530722062,0.0420000553131
166.17875433,74.5005530954,83.9758655125,0.0390000343323
166.18626356,75.1992162952,83.3244651927,0.0409998893738
166.343557039,75.8080850151,82.7960632681,0.0390000343323
166.392974158,76.2032274097,82.2498727386,0.0419998168945
166.292895736,76.5114417076,81.8799721116,0.0380001068115
166.035739356,76.7396339864,81.5156510006,0.0390000343323
165.998288906,77.0433559015,81.3337763975,0.0420000553131
166.310703034,77.4247159295,81.4469266844,0.0380001068115
166.015195632,77.9451505419,81.0649132357,0.0409998893738
165.740791067,78.5017178408,80.5945496234,0.0390000343323
165.443166179,78.8332032618,79.9233224699,0.0379998683929
165.152481452,79.4465158166,79.3566920451,0.0410001277924
164.965906502,80.0389899386,78.8113186946,0.0389997959137
164.780409306,80.6527984751,78.309391969,0.0410001277924
164.820608561,81.2759504217,78.0414461696,0.0390000343323
164.547367638,82.044558292,77.6311986169,0.0420000553131
164.52135578,82.5153123405,77.4261328812,0.0379998683929
164.651108728,82.7347125536,77.3756604816,0.0390000343323
164.793733687,82.8987139407,77.4134975791,0.0429999828339
164.463606126,82.963982894,77.2405371989,0.0390000343323
164.005511819,83.0212391276,77.0302011915,0.0420000553131
163.473781438,82.9086702122,76.583145756,0.0389997959137
163.028589086,82.7914497097,76.1787433475,0.0410001277924
162.703628748,82.7489268011,75.8888649687,0.0390000343323
162.41838015,82.7002022764,75.6252999488,0.0390000343323
162.33683762,82.8061435176,75.5149060379,0.0419998168945
162.411009809,83.0328388551,75.5536973284,0.039999961853
162.047937242,83.2918957886,75.2861586044,0.0410001277924
161.781763805,83.4545862221,75.0067755817,0.0389997959137
161.45115418,83.6500852179,74.7394002775,0.0390000343323
161.336028382,83.6339283807,74.521711992,0.0420000553131
161.266505967,83.7218694755,74.4376548164,0.0390000343323
161.156802169,83.8202437394,74.3545862895,0.0419998168945
161.089617753,84.0434172264,74.4555634241,0.0390000343323
160.821398783,84.1733206198,74.2987142224,0.0419998168945
160.52983302,84.4328474561,74.2912951587,0.0390000343323
160.195492642,84.6582694942,74.2466290997,0.0420000553131
159.858310867,84.8758851378,74.2152516949,0.0390000343323
159.255147586,85.1304734232,73.9881091497,0.0390000343323
158.995504921,85.324505531,73.9387106244,0.0420000553131
158.687265537,85.6134622929,73.9805534619,0.0390000343323
158.512374143,85.7630070573,74.0320037186,0.0419998168945
158.179522249,86.1037950649,74.0955467388,0.0380001068115
157.869427146,86.4427611538,74.1615306521,0.0390000343323
157.609643287,86.7524634635,74.1597918358,0.0409998893738
157.380775248,87.0482803017,74.1864169626,0.0390000343323
157.221773864,87.2840032454,74.2734169702,0.0420000553131
156.653423825,87.5464901732,74.1143261639,0.0390000343323
156.237137072,87.7906890292,74.0125871002,0.0419998168945
155.931124898,88.0323336534,73.9928539403,0.0390000343323
155.486098933,88.232046457,73.9141338521,0.0390000343323
155.104922975,88.4916660606,73.8863797541,0.0420000553131
154.923428137,88.6036399929,73.8617976337,0.0390000343323
154.696470488,88.8376541119,73.9040795668,0.0420000553131
154.461844762,88.971117105,73.8633806544,0.0390000343323
154.175243538,89.182339207,73.8043967768,0.0420000553131
153.936324877,89.3007653281,73.7083796728,0.0390000343323
153.913551026,89.5144556126,73.9208887908,0.0389997959137
153.187593142,89.9213668292,73.745776918,0.0410001277924
152.516721492,90.2444061856,73.529984113,0.0390000343323
152.076818659,90.5654708856,73.3658343953,0.039999961853
151.843341047,90.7373683136,73.2942343613,0.0389997959137
151.83697473,90.8711619258,73.4206990966,0.0420000553131
151.73204283,90.9884621119,73.4353966591,0.0390000343323
151.514505675,91.0404275747,73.3737983428,0.0390000343323
151.103719018,91.2257210758,73.2429766712,0.0420000553131
150.635752188,91.6517372459,73.1905570419,0.0389997959137
150.081797378,91.9280115686,73.0080011703,0.0420000553131
149.485375917,92.278700501,72.8882859095,0.0390000343323
149.082172197,92.5104985547,72.7989468548,0.0379998683929
148.909685939,92.6966915009,72.8605915514,0.0409998893738
148.755915674,92.8038129335,72.836469992,0.0390000343323
148.456305256,92.9551332483,72.762211737,0.0420000553131
148.175213605,93.3062396843,72.8981663854,0.0390000343323
147.696717208,93.608182091,72.8214866981,0.0420000553131
147.382236771,93.834809172,72.8329553796,0.0390000343323
147.095980067,94.0691691414,72.8815875615,0.0390000343323
146.93342814,94.232165577,72.8981323178,0.0409998893738
146.823241116,94.3023214739,72.902427167,0.0380001068115
146.686367001,94.4307656673,72.819419151,0.0419998168945
146.439655166,94.4916744186,72.7191135857,0.0390000343323
146.17046656,95.1763339591,73.0974788841,0.0420000553131
146.053980968,95.7435251246,73.4263042719,0.0390000343323
145.858184562,96.0784081987,73.5317253577,0.0390000343323
145.599817361,96.499458356,73.6570882849,0.0420000553131
145.47195152,96.7550890013,73.7115439585,0.0390000343323
145.309496369,97.1816161416,73.9319131588,0.0409998893738
145.02081863,97.5248275852,73.9947499645,0.0390000343323
144.470327506,97.9950661481,74.0373925508,0.0390000343323
143.81814132,98.3888179206,73.9292857305,0.0409998893738
143.195574267,98.8747106403,73.9004994763,0.0390000343323
142.651415917,99.4377975419,73.9778347787,0.0409998893738
142.377024642,100.156124936,74.2692789447,0.0380001068115
141.915531772,100.702100565,74.3896660619,0.0419998168945
141.470636895,101.14835989,74.3687604673,0.0370001792908
141.059943948,101.391876268,74.2672041661,0.0390000343323
140.732838043,101.908922037,74.4568630335,0.0410001277924
140.270417307,102.670510862,74.7149321059,0.0400002002716
139.611025587,103.478196684,74.8839635894,0.0420000553131
138.854395477,104.226023904,74.851200466,0.0389997959137
138.032986113,104.993231822,74.8474452663,0.0390000343323
137.162639349,105.828335862,74.7941455407,0.0420000553131
136.417591754,106.587779408,74.8353036719,0.0389997959137
135.904481265,107.427775715,75.0199086882,0.0410001277924
135.408606733,107.98842722,75.0341324131,0.0390000343323
134.984620279,108.598215967,75.1749516946,0.0390000343323
134.665066398,109.478089083,75.4926061686,0.0420000553131
134.24427162,109.818044308,75.3498183533,0.0390000343323
133.875474999,110.134580037,75.3223653394,0.0420000553131
129.058896128,101.622830945,65.0352777603,0.039999961853
128.718039253,101.763119064,64.9459188455,0.0410001277924
128.216422577,101.972383819,64.7014854,0.0389997959137
127.797907477,102.697957609,65.1037464032,0.0390000343323
127.145495246,103.175779746,64.9594137903,0.0419998168945
126.733643351,104.100330961,65.478904504,0.0390000343323
126.296109893,104.61172702,65.5083590523,0.0409998893738
126.065624852,105.10212295,65.7120639595,0.0380001068115
125.930212528,105.444644273,65.880307099,0.0420000553131
125.675016978,105.354489091,65.5450459294,0.0380001068115
125.501747259,105.584943466,65.5685723405,0.0390000343323
125.179157136,105.928397625,65.606975676,0.0420000553131
124.779993589,106.274514122,65.5856574421,0.0390000343323
124.562875828,106.64688586,65.6950872644,0.0419998168945
124.5478823,107.070689814,66.0571729958,0.0390000343323
124.409720579,107.353199921,66.2426656228,0.0390000343323
124.197939296,107.668595161,66.4016726172,0.0420000553131
123.939589526,107.70713082,66.2205722068,0.039999961853
123.70056815,107.918064041,66.188026256,0.0409998893738
123.478139895,107.962125838,66.0396498423,0.0390000343323
123.347513619,108.054349006,66.0410975206,0.0420000553131
123.18220072,108.247105978,66.1477300296,0.0380001068115
123.046396583,108.36264665,66.1662924411,0.0389997959137
122.914162983,108.418069479,66.1953765348,0.0420000553131
122.657536784,108.203643,65.8812205189,0.0390000343323
122.576537827,108.470885246,66.1470637242,0.0420000553131
122.505432102,108.970918839,66.5922078338,0.0389997959137
122.396185698,109.56342328,66.9874393179,0.0390000343323
122.037557676,110.140700972,67.1766692509,0.0420000553131
121.497718275,110.390530282,66.8376113948,0.0390000343323
121.183966033,111.242633129,67.328818087,0.0420000553131
120.739160479,111.694231744,67.160171803,0.0379998683929
120.442224934,112.097333301,66.9955920774,0.0390000343323
120.25672676,112.515794523,66.9948024798,0.0409998893738
120.076124047,112.648534182,66.7096501376,0.0380001068115
120.060473874,112.971577398,66.7916085793,0.0419998168945
120.174945308,113.245765145,66.9173111274,0.0390000343323
120.175408862,113.294928166,66.8475519029,0.0420000553131
120.290445984,113.911429154,67.1275610204,0.039999961853
120.248276364,114.31721402,67.0199243777,0.0390000343323
120.213480618,114.613144096,66.7898475342,0.0420000553131
120.244934307,115.122383717,66.8801851845,0.0390000343323
120.196475615,115.449510758,66.7757039092,0.0419998168945
120.06848303,115.710802614,66.5592951349,0.0390000343323
119.93691325,116.215911235,66.3213276232,0.0420000553131
119.808960865,116.732735905,66.0862608526,0.0390000343323
119.684767665,117.093233523,65.739726529,0.039999961853
119.486814487,117.381562848,65.265223682,0.0420000553131
119.323573908,117.775916365,64.8157963409,0.039999961853
119.283773682,118.395260887,64.6440653727,0.0420000553131
119.102391662,118.781204781,64.280218429,0.0380001068115
118.897073229,119.197634078,63.7706098692,0.0389997959137
118.638878427,119.512430078,63.084954312,0.0410001277924
118.376686119,119.978534031,62.5333224494,0.0390000343323
118.132113093,120.488346837,62.0072279182,0.0409998893738
118.048686565,121.083855813,61.6789899423,0.0379998683929
117.867636645,121.278447571,61.1253818894,0.0420000553131
117.766959537,121.806827904,60.9561192244,0.0380001068115
117.511679209,121.961815292,60.2366206085,0.0389997959137
117.302479339,122.254789313,59.7640613714,0.0420000553131
117.048812874,122.624297169,59.174083882,0.0390000343323
116.753728089,122.936653702,58.5165709872,0.0420000553131
116.523726442,123.456312223,57.9887241389,0.0389997959137
116.364055628,124.211394875,57.6076807058,0.0420000553131
116.128882538,124.783223662,57.0083937481,0.0390000343323
115.98207755,125.157575299,56.5084577065,0.0390000343323
115.82833812,125.179463086,56.0477044314,0.0410001277924
115.760875826,125.283993725,55.8816790828,0.0389997959137
115.778792403,125.464014654,55.9049306329,0.0420000553131
115.780124674,125.629567986,55.9434028242,0.0379998683929
115.777836942,125.76632441,55.9858775452,0.0420000553131
115.737393886,125.726379329,55.8804108512,0.0389997959137
115.613614728,125.761910408,55.9141460834,0.039999961853
115.528834281,125.818658198,55.9998401724,0.0420000553131
115.441347059,125.804622122,55.9956827678,0.0390000343323
115.377689506,125.684768219,55.8685274088,0.0420000553131
115.38422178,125.836375061,56.0447411654,0.0390000343323
115.289833885,125.61536565,55.8182428174,0.0410001277924
115.299979125,125.682997203,55.9120990149,0.0390000343323
115.203793619,125.468147674,55.7354358276,0.0390000343323
114.966393915,125.26037452,55.6178491305,0.0419998168945
114.439318403,125.460263518,55.964722313,0.0390000343323
114.071466914,125.560902177,56.0226959138,0.0420000553131
113.776689159,125.532945312,55.8868724078,0.0379998683929
113.497806359,125.692366189,55.8835538986,0.0420000553131
113.122250955,125.98215024,55.9115270807,0.0390000343323
112.703905665,126.124350274,55.804256356,0.0390000343323
112.374044179,126.476496024,55.8919226146,0.0409998893738
112.077865076,126.878635188,56.039387063,0.0390000343323
111.796813175,127.270422809,56.2143192794,0.0419998168945
111.520804097,127.86067626,56.5545635845,0.0390000343323
111.260873789,128.211674638,56.6501929806,0.0420000553131
110.992857158,128.472797945,56.7018609612,0.0389997959137
110.75851956,128.901045725,56.8854172869,0.0390000343323
110.486545193,129.185790124,56.9323356461,0.0420000553131
110.23034164,129.628812275,57.1936073217,0.0390000343323
110.014984416,130.120745078,57.5312838776,0.0419998168945
109.778316152,130.265954474,57.576943824,0.0390000343323
109.538355488,130.105048403,57.3359072349,0.0410001277924
109.451209136,130.318270983,57.44880866,0.0380001068115
109.266375573,130.430328576,57.420938139,0.0409998893738
108.946516997,130.711286034,57.5598135584,0.0390000343323
108.72934249,131.016963182,57.7277655025,0.0390000343323
108.536479821,131.281814376,57.8337537308,0.0409998893738
108.308177997,131.622264559,58.0053170703,0.0390000343323
108.063134535,131.858613557,58.1016740755,0.0419998168945
107.839895939,132.005300987,58.1402893156,0.0390000343323
107.677680022,132.124632425,58.1705186606,0.0390000343323
107.520362674,132.09471839,58.0676751191,0.0420000553131
107.297092955,132.177892798,58.0851106995,0.0390000343323
107.121221716,132.316276517,58.1529743117,0.0420000553131
106.935722501,132.498024408,58.2397907744,0.0390000343323
106.63885038,132.799591418,58.381154033,0.0419998168945
106.320813894,132.982472839,58.4148252273,0.0380001068115
106.078756099,133.248057085,58.5442381105,0.0390000343323
105.698166854,133.609033665,58.7768647214,0.0410001277924
105.353977186,134.028860208,59.0496630075,0.0390000343323
104.957259153,134.182001749,59.0460848741,0.0420000553131
104.618047385,134.419897912,59.1707537955,0.0390000343323
104.233147736,134.58770068,59.2434920325,0.0420000553131
103.790597959,134.775653649,59.2776999321,0.0390000343323
103.478746382,134.978120646,59.3579003715,0.0379998683929
103.249792682,135.000352763,59.3050482692,0.0420000553131
103.011483046,135.280398056,59.463378635,0.0390000343323
102.652566115,135.405812247,59.4666689942,0.0420000553131
102.405592255,135.540097886,59.4822966823,0.0389997959137
102.217348818,135.634778522,59.503415943,0.0390000343323
101.965766002,135.937347528,59.7196213481,0.0420000553131
101.560928858,135.976410338,59.7123280769,0.0390000343323
101.145049356,136.150372715,59.85182431,0.0420000553131
100.718576357,136.274274658,59.9583847681,0.0390000343323
100.256924503,136.386685497,60.0869394471,0.0420000553131
99.8271236169,136.117255584,59.8784961326,0.0390000343323
99.6095319579,135.973157038,59.7642971678,0.0380001068115
99.1862437473,136.097089764,59.9348449507,0.0419998168945
98.2566596716,135.867452903,59.7491164723,0.0390000343323
97.5514895077,135.57795012,59.4955792683,0.0420000553131
97.0314508197,135.354838398,59.3364242473,0.0379998683929
96.7495125335,135.47329489,59.4690356822,0.0390000343323
96.6515885842,135.477079763,59.5118184518,0.0409998893738
96.6031577435,135.355096601,59.470882984,0.0390000343323
96.4031334383,135.371157108,59.5387178084,0.0419998168945
96.264834565,135.35648788,59.5893024346,0.039999961853
95.961792502,135.439563423,59.769361298,0.0420000553131
95.6310189691,135.403511864,59.8464136667,0.0390000343323
95.4635650528,135.231245935,59.7991907199,0.039999961853
95.1860140566,135.142463106,59.822707713,0.0409998893738
94.7349928702,134.719326806,59.5809039424,0.0380001068115
94.1618056743,134.462668794,59.5010470262,0.0419998168945
93.3556526309,134.152744521,59.3722541174,0.0380001068115
92.7976103872,133.936756468,59.2614464543,0.0409998893738
92.4123980304,133.623605775,59.0774815269,0.0390000343323
91.9488708367,133.419601037,59.0783111637,0.0390000343323
91.236159666,133.284579513,59.1695400112,0.0420000553131
90.5448915902,132.893883971,59.0071713182,0.0389997959137
90.0793893608,132.577644392,58.9342844797,0.0420000553131
89.7583188361,132.421784653,58.9759961901,0.0390000343323
89.3900575608,132.168896721,58.9763323389,0.0419998168945
88.9982629491,132.001415923,59.1131993437,0.0390000343323
88.5153914523,131.627551649,59.058166385,0.0390000343323
88.1112210237,131.137044333,58.9359770159,0.0420000553131
87.7367437658,130.415083581,58.5307039778,0.0389997959137
87.3025081597,129.924458672,58.3050531421,0.0420000553131
86.7665529121,129.547033584,58.2925521067,0.0390000343323
86.2821150759,129.131149882,58.1590112432,0.0390000343323
86.0372787336,128.744988631,57.9968217589,0.039999961853
85.7612440922,128.62800002,58.0919597794,0.0390000343323
85.5478008606,128.556342613,58.190436034,0.0420000553131
85.451339386,128.384613394,58.1260962475,0.0400002002716
85.3973498128,128.184587261,58.0248171046,0.0420000553131
85.3175597335,127.99784552,57.9917772377,0.0389997959137
85.1194267057,127.759358008,57.971818378,0.0420000553131
84.7908043084,127.469410986,57.8882508179,0.0390000343323
84.4362798912,127.28550422,57.9538811506,0.0380001068115
84.1779121972,126.881438856,57.7954319867,0.0420000553131
83.8895495701,126.605007755,57.700864823,0.039999961853
83.6600496506,126.305502629,57.6514827656,0.0420000553131
83.4896294349,125.737826641,57.2994359653,0.0390000343323
83.3306849983,125.335142469,57.0915035064,0.0420000553131
83.0750244283,125.011600267,57.0329769423,0.0389997959137
82.9030907481,124.462386934,56.7009034253,0.0390000343323
82.5768656233,124.256320634,56.8334010807,0.0420000553131
82.2648051608,123.889714941,56.7914008612,0.0390000343323
82.0147794639,123.497466027,56.668825824,0.0420000553131
81.8187554514,123.183551135,56.6003680602,0.0379998683929
81.6731776924,122.957074876,56.5630353587,0.0410001277924
81.4544176436,122.763521212,56.5525446897,0.0389997959137
81.3020088951,122.354861745,56.3356922834,0.0390000343323
81.0965712931,122.071586682,56.4611762751,0.0410001277924
80.7868655517,122.073255934,56.9371189183,0.0390000343323
80.3586355692,121.68020487,57.138531606,0.0420000553131
79.9940761476,121.027831686,56.9115259314,0.0389997959137
79.6859990153,120.57228216,56.7881049195,0.0420000553131
79.4370192958,120.146119694,56.6698953277,0.0379998683929
79.1613803788,119.527405063,56.3599255518,0.0420000553131
78.7945035451,118.938165542,56.2453603883,0.0390000343323
78.5214166236,118.261056666,56.0160030907,0.0379998683929
78.5086829006,117.406536058,55.3641963749,0.0420000553131
78.3386463642,117.038353527,55.3370081876,0.0380001068115
78.1567009669,116.645930803,55.2473250531,0.0420000553131
78.176582852,116.019717833,54.7559048459,0.0390000343323
78.0907784218,115.480471961,54.4924432028,0.0420000553131
77.9708048077,114.896485915,54.2100668697,0.0400002002716
77.712761648,114.684825255,54.3822568611,0.0420000553131
77.5407093945,114.429570772,54.418822187,0.0389997959137
77.4046621213,114.013690204,54.2980395206,0.0390000343323
77.3823582267,113.330279561,53.9011574273,0.0420000553131
77.2561197907,112.807083835,53.7783453391,0.0390000343323
77.2178668818,112.193945668,53.4525606215,0.0420000553131
77.0930409637,111.797018704,53.4028535274,0.0390000343323
77.017431561,111.176932223,53.0649116799,0.0420000553131
76.9504008175,110.492883532,52.7901927906,0.0379998683929
76.9343779955,109.673087375,52.509557862,0.0390000343323
76.8172162803,109.240233722,52.6250433319,0.0409998893738
76.8168991933,108.690648948,52.3256230229,0.039999961853
76.8459417017,108.097995518,52.0188406758,0.0400002002716
76.9254383721,107.448325115,51.5578662648,0.0389997959137
76.9139120953,106.99010297,51.5944382305,0.0410001277924
76.9452038896,106.403687546,51.3585071814,0.0390000343323
76.9905653466,105.860345546,51.1218691343,0.0420000553131
77.1495882418,104.992963898,50.3388030553,0.0389997959137
77.3641022368,103.922900058,49.3037011729,0.0390000343323
77.349314478,103.490993849,49.3854376146,0.0420000553131
77.4574844204,102.942262057,48.9920230143,0.0390000343323
77.4058736589,102.66152484,49.1469287153,0.0420000553131
77.5736556154,101.996122882,48.4472913225,0.039999961853
77.6487195767,101.534548405,48.1928286519,0.0420000553131
77.6779290017,101.256761025,48.1068278517,0.0390000343323
77.6849431221,100.922925012,48.0026976098,0.0420000553131
77.6500692502,100.781590429,48.2895787176,0.0369999408722
77.7032594224,100.330064337,47.953453625,0.0390000343323
77.7251275448,99.8843118673,47.8114434893,0.0390000343323
77.7335858621,99.3708439371,47.7155485923,0.0390000343323
77.7976387637,98.7064713486,47.4887245184,0.0420000553131
77.9255192352,97.7895458232,46.6589073368,0.0389997959137
78.0536582473,96.9520316413,46.0323043057,0.0420000553131
78.2367978069,95.8931588087,44.7654958723,0.0400002002716
78.2833007726,95.1393465415,44.1193636123,0.0420000553131
78.1425735009,94.8395631023,44.75189155,0.0389997959137
78.0712093345,94.5892268749,45.0963637382,0.0390000343323
78.1489467634,94.2213658712,44.6672825622,0.0420000553131
78.2328766975,93.7749842131,44.0056306884,0.0389997959137
78.2745170832,93.3549920128,43.3110393951,0.0420000553131
78.1251424115,93.3283074366,43.9477186828,0.0390000343323
77.929393553,93.4121566931,45.167600034,0.0420000553131
77.8908788957,92.9926052179,44.732619907,0.0400002002716
77.8761142595,92.470497318,44.0187625881,0.0420000553131
77.6408409441,92.1152707884,44.3235696156,0.0389997959137
77.4745307496,91.7138605124,44.2021870879,0.039999961853
77.2775315005,91.5375937308,44.4961153084,0.0410001277924
72.3999898834,100.290232915,64.7201155788,0.0410001277924
72.2624323996,99.7936416031,64.5303480995,0.0410001277924
71.9311075889,99.5221994304,64.7042947819,0.0379998683929
71.6080894274,99.4059468496,64.9747346807,0.0420000553131
71.5032750715,99.0638142246,64.666481637,0.0389997959137
71.3725640255,99.011094498,64.6665622395,0.0390000343323
71.3643101715,98.8734082514,64.4602699093,0.0420000553131
71.1516968048,99.1727681503,64.9946259894,0.039999961853
70.9945307042,99.2270165805,65.188526178,0.0420000553131
70.7717547715,99.2023634635,65.3689472227,0.039999961853
70.4156374604,99.1589036803,65.4955013988,0.0420000553131
70.1651976993,98.8292048764,65.3081621257,0.0379998683929
69.7746557184,98.6040816955,65.2879494336,0.0390000343323
69.0670552534,98.4289405258,65.3976328661,0.0409998893738
68.5371232726,98.203227514,65.3968561359,0.0390000343323
68.2784975039,98.016440834,65.3439122932,0.0410001277924
68.0626857888,97.8457104463,65.2197350518,0.0390000343323
67.696432521,97.7101851499,65.1894714109,0.0420000553131
67.1560660916,97.3236878003,64.7712288348,0.0390000343323
66.2818768837,97.0725532799,64.7452565612,0.0420000553131
65.3856036132,96.9212604701,64.6611044184,0.0390000343323
64.4545751982,96.8988194381,64.7019459317,0.0390000343323
63.5980600827,96.8805947278,64.6859111322,0.0419998168945
62.9747601151,96.8488693811,64.6655960266,0.0380001068115
62.4806293436,96.8312756653,64.6384628622,0.0420000553131
62.0722813483,96.8558756417,64.6333728706,0.0389997959137
61.7017724008,96.6916352087,64.3176935231,0.0420000553131
60.9405717475,96.8338294074,64.5403438945,0.0390000343323
60.309155079,96.734297039,64.3758691284,0.0390000343323
59.4863547136,96.8591008627,64.2646156122,0.0419998168945
58.3841505661,97.1233846724,64.3499734623,0.0390000343323
57.1959046632,97.4233653544,64.3898063438,0.0410001277924
56.1339219384,97.7014533577,64.4378368137,0.0390000343323
55.0805737163,97.9288122972,64.2805954982,0.0420000553131
54.1157293013,98.207869433,64.2201094716,0.039999961853
53.394035394,98.4559810535,64.2106823913,0.0420000553131
52.7129891054,98.662083318,64.0967593195,0.0390000343323
51.7814748529,99.0881917801,64.0718774958,0.0390000343323
50.8754369895,99.5966699058,64.1852918366,0.0420000553131
49.9769412743,100.155874628,64.2909734853,0.0379998683929
49.0996566649,100.739816902,64.516699287,0.0420000553131
48.1972836575,101.365706073,64.7418115693,0.0390000343323
47.5762348459,101.844243532,64.8953083014,0.0420000553131
46.947262687,102.300773935,64.9237987449,0.0389997959137
46.4145446441,102.729976406,64.8848781402,0.0390000343323
45.9227007241,103.191352407,64.9788934709,0.0419998168945
45.2334549279,103.96239979,65.1569121458,0.0390000343323
44.4989456421,104.615760113,65.2167110687,0.0409998893738
43.7153224591,105.351869922,65.264525604,0.0390000343323
43.2099238253,105.825636111,65.2006673648,0.0420000553131
42.7043147886,106.386724447,65.4344048023,0.0390000343323
42.408109189,106.703554608,65.5269281204,0.0390000343323
42.1210918697,107.008766882,65.6024496427,0.0420000553131
41.9997168966,107.085835232,65.5041002261,0.0380001068115
41.8527545071,107.223538346,65.4551451627,0.0419998168945
41.7496432196,107.372480201,65.3097898737,0.039999961853
41.5754310909,107.525571132,65.2898059294,0.0419998168945
41.504120443,107.617359856,65.2105816106,0.0390000343323
41.364469042,107.763951193,65.2516384309,0.0420000553131
41.1728137877,107.926445395,65.2330609166,0.0390000343323
40.8305937139,108.281107905,65.2379504998,0.039999961853
40.6448104312,108.494159068,65.1066121395,0.0420000553131
40.3925910753,108.767047493,65.1749943435,0.039999961853
40.0879750119,109.225222493,65.3036845572,0.0419998168945
39.8384327397,109.578287193,65.3308945068,0.0390000343323
39.5407066266,109.914655709,65.3373872556,0.0420000553131
39.0650979531,110.506920553,65.4424298939,0.039999961853
38.5848431146,111.140247105,65.5484678129,0.0390000343323
38.0951439494,111.774807222,65.6177415434,0.0420000553131
37.7108305333,112.343552141,65.698847551,0.0390000343323
37.3638739479,112.820267853,65.7459396886,0.0419998168945
36.8868258744,113.385113049,65.8351724126,0.0390000343323
36.4570856348,113.931984537,65.9519143892,0.0419998168945
36.089998601,114.476245583,66.0131458927,0.0390000343323
35.5798249202,115.189477219,66.1263701065,0.0390000343323
35.0627245313,115.791801379,66.1877353338,0.0409998893738
34.5818446011,116.409058024,66.2085042662,0.0390000343323
34.1088451635,117.023267421,66.2723963266,0.0420000553131
33.3630615196,117.926732211,66.4584605063,0.039999961853
32.6591517898,118.797846974,66.6323070645,0.0419998168945
32.1370883999,119.331188288,66.7381700438,0.0390000343323
31.6061862562,119.929135299,66.8597840675,0.0390000343323
31.0712306375,120.544819437,66.9621531237,0.0420000553131
30.3934937969,121.28640181,67.0974053658,0.0390000343323
30.174508224,121.384243707,66.9822804994,0.0420000553131
29.9816506854,121.438684296,66.921859827,0.0390000343323
29.8988857921,121.426150424,66.8523707981,0.0380001068115
29.5590849588,121.804886225,66.8733650259,0.0410001277924
28.6274913366,122.761830333,67.1450298959,0.039999961853
28.1246566638,123.256581194,67.2465485884,0.0420000553131
27.6019025665,123.881709392,67.4094799825,0.0390000343323
27.2271487634,124.192413377,67.5083684905,0.0420000553131
26.9370880813,124.273675714,67.5349934587,0.0389997959137
26.540911235,124.576638831,67.628454895,0.0390000343323
26.3887200219,124.668264661,67.6327617696,0.0420000553131
26.0895361419,124.840059182,67.7180699985,0.0390000343323
25.8080931693,124.96883373,67.792461046,0.0420000553131
25.4809874446,125.096483884,67.8781964169,0.0390000343323
24.826957515,125.509820084,68.0214439477,0.039999961853
24.2975684561,125.703222941,68.1162700469,0.0409998893738
23.9848514225,125.747135592,68.1542324049,0.0390000343323
23.7836746675,125.767285862,68.1742698286,0.0419998168945
23.6045614063,125.967466352,68.1877665555,0.0390000343323
23.6559839765,125.852429396,68.1097157024,0.0390000343323
23.5273534487,125.782836591,68.1096338826,0.0420000553131
22.8554425823,125.797812408,68.1981626435,0.039999961853
21.4974627216,126.118218359,68.366934149,0.0420000553131
19.8488950418,126.284283893,68.591918697,0.0390000343323
17.9702979597,126.594144561,68.8405638928,0.0419998168945
16.3467378177,126.670225914,69.0015149731,0.0380001068115
15.0949733572,126.741113499,69.0937386208,0.0390000343323
13.7561583445,126.540365103,69.2448662891,0.0419998168945
13.0012557739,126.39509511,69.3049978479,0.0379998683929
12.5468587048,126.363720296,69.3280762241,0.0420000553131
12.2723239785,126.123486292,69.3511294168,0.0390000343323
12.0001643158,125.884244705,69.3878861378,0.0390000343323
11.7758001851,125.76945156,69.4282956569,0.0420000553131
11.6692669806,125.703405112,69.4765420429,0.0379998683929
11.5327818178,125.676188915,69.5239532829,0.0410001277924
11.5229122715,125.678162292,69.534257697,0.0390000343323
11.5462741548,125.511649798,69.5325304669,0.0420000553131
11.5850700103,125.443172792,69.5283951843,0.0379998683929
11.4739447195,125.475930937,69.5763716779,0.0390000343323
11.379469401,125.473713157,69.6612555166,0.0410001277924
11.1499692282,125.746090525,69.8197345759,0.0379998683929
10.6386646021,125.84693391,70.1050705636,0.0420000553131
10.2268440968,125.891827799,70.4516737551,0.0390000343323
9.9782432065,125.946089362,70.6702654571,0.0380001068115
9.7770427689,126.134486401,70.80764038,0.0409998893738
