23.3978991735,122.540147717,67.6679081416,0.0529999732971
23.0473581607,122.630674367,67.738750207,0.0379998683929
22.8605512611,122.707109326,67.7625159197,0.039999961853
22.8144115731,122.586189877,67.714014143,0.0419998168945
22.5475624477,122.759485085,67.7559859235,0.0390000343323
22.5012500911,122.570185751,67.6875614003,0.0419998168945
22.4138772564,122.479463665,67.6320860586,0.039999961853
22.2126364129,122.394139187,67.6028103254,0.0420000553131
21.630035893,122.269355915,67.6782365149,0.039999961853
20.9320803036,122.394972103,67.810615812,0.0390000343323
20.4282532466,122.438453977,67.8680722851,0.0420000553131
19.8320592282,122.380686203,67.9290330608,0.039999961853
19.1626768652,122.50851151,67.9689739461,0.0419998168945
18.5999376791,122.482134598,67.973665483,0.0390000343323
17.904735,122.398776836,68.0334796742,0.0390000343323
16.9746832728,122.253981619,68.0920526308,0.0429999828339
15.9919028769,122.126927497,68.148826166,0.0390000343323
15.4147580779,121.990887255,68.1684516454,0.0420000553131
15.071337942,122.027445399,68.1752098989,0.0390000343323
14.9433654192,121.992804729,68.1504032134,0.0420000553131
14.7513314989,121.971370682,68.1868524134,0.039999961853
14.6353847472,122.065663566,68.2303238826,0.0389997959137
14.5251610923,122.161609825,68.2802106432,0.0410001277924
14.5970336893,121.766426539,68.2506389221,0.0390000343323
14.4740047266,121.812169577,68.3049041123,0.0410001277924
14.1982869284,122.043040718,68.3750918067,0.0390000343323
13.9431310759,122.182977279,68.391892652,0.0420000553131
13.6535818073,122.295462447,68.4383731735,0.0380001068115
13.3357696485,122.147692428,68.4545633441,0.0390000343323
12.7832237751,122.184382425,68.495566077,0.0410001277924
11.9178080555,122.405391162,68.595518866,0.0379998683929
11.0761497515,122.720091767,68.6986491967,0.0420000553131
10.1282535622,123.134683474,68.8153380117,0.0390000343323
9.14893746801,123.55593333,68.9484350603,0.0379998683929
8.03912561424,124.005916182,69.0955892292,0.0420000553131
6.65785062424,124.727569212,69.2833972751,0.0379998683929
5.85882624599,125.02895824,69.3922098316,0.0410001277924
5.09912477019,125.197727054,69.5045923921,0.0389997959137
4.07544105074,125.87529657,69.6506194516,0.0410001277924
2.98573529797,126.524075273,69.7750316638,0.0390000343323
1.89067529857,127.257375518,69.8974452254,0.0390000343323
1.10684483566,127.757100777,69.9978183678,0.0420000553131
0.841010359264,127.765274578,70.0830899968,0.0390000343323
0.569279607612,127.85654024,70.1291509337,0.0410001277924
0.383469778166,127.703273959,70.1537295111,0.0390000343323
0.102691635822,127.884490478,70.1797259118,0.0390000343323
-0.55731819882,128.269466842,70.2227528517,0.0409998893738
-1.26581537619,128.709296221,70.3202435715,0.0380001068115
-1.82930412455,129.250772749,70.3924243945,0.0409998893738
-2.60827187247,129.739214143,70.4775912156,0.0380001068115
-3.15492454073,130.304367371,70.5583070913,0.0389997959137
-3.65799807394,130.770035587,70.6259502098,0.0410001277924
-4.47810979057,131.551815822,70.6836829306,0.0390000343323
-5.32871031093,132.366628262,70.7509075872,0.0420000553131
-6.24026428694,133.386794,70.8049637844,0.0390000343323
-7.07681047087,134.312179252,70.8303285887,0.0420000553131
-7.63813780263,135.016489709,70.8410927809,0.0380001068115
-8.06594759143,135.280242382,70.9248941723,0.0389997959137
-8.31885291569,135.451795631,70.9823361501,0.0410001277924
-8.57155468292,135.504394506,71.0177502764,0.0390000343323
-8.91429378636,135.671779596,71.0216831816,0.0410001277924
-9.0617367053,135.759301745,71.0766985648,0.0390000343323
-9.03851281229,135.787400637,71.1768503628,0.0420000553131
-9.15149495113,136.297278943,71.1982922789,0.0390000343323
-9.30669756204,136.452575701,71.3178417218,0.0379998683929
-9.84777754498,137.005954937,71.4074036893,0.0410001277924
-10.3894148998,137.652919526,71.4801628373,0.0389997959137
-11.2733096007,138.792670944,71.4231307916,0.0410001277924
-12.2026177512,139.805195694,71.3764109941,0.0390000343323
-12.6575542373,140.410474861,71.4486734866,0.0410001277924
-13.4433870993,141.181971637,71.4689959858,0.0390000343323
-14.2255935428,141.836043882,71.4813360451,0.0390000343323
-15.0967551386,142.49195703,71.4865656935,0.0410001277924
-16.083317572,143.470442354,71.3154959631,0.0390000343323
-16.8571182886,144.134144064,71.3099470922,0.0420000553131
-17.7014012656,145.003870382,71.2086809938,0.0379998683929
-18.7095589689,146.146358852,70.9690137444,0.0410001277924
-19.7526937875,146.780599554,70.9617802356,0.0390000343323
-20.6486706561,147.293352932,71.0018426736,0.0409998893738
-20.9225682102,147.789172545,71.1125497121,0.0379998683929
-21.1795624164,147.873394087,71.3209937625,0.0390000343323
-21.9691845666,148.306238234,71.2415207274,0.0420000553131
-22.5670294396,148.450802617,71.2091335855,0.0389997959137
-23.0497875387,148.926380438,71.0915258385,0.0420000553131
-23.8423933298,149.190989263,71.00119352,0.0390000343323
-24.7476966223,149.468789023,70.9107447234,0.0380001068115
-25.3563910421,149.579367498,70.9592650657,0.0420000553131
-25.5917981372,149.68780002,71.0599625132,0.0379998683929
-25.7960566317,149.910931505,71.0239669002,0.0409998893738
-25.972665467,150.178478422,70.9216488022,0.0390000343323
-25.7546541753,150.22097315,71.1122056678,0.0420000553131
-26.1774575249,150.128761103,71.2509113856,0.0379998683929
-26.5018196848,150.301018832,71.4287320465,0.0390000343323
-26.6630978665,150.339235084,71.6132891704,0.039999961853
-26.7865271324,150.227878622,71.7655706161,0.0390000343323
-26.9402102479,149.846320555,72.0202581615,0.0409998893738
-26.7955655208,149.617568286,72.3301898991,0.0379998683929
-26.4939438595,149.560261591,72.5696474968,0.0410001277924
-26.1498140086,149.038036816,73.0329145508,0.0390000343323
-26.0473966045,148.92156296,73.1890311749,0.0380001068115
-25.7714105248,149.243802156,73.2206273346,0.0409998893738
-25.823636069,149.387556797,73.2386528014,0.0390000343323
-25.7640109128,149.243150636,73.4161825706,0.0419998168945
-25.6852836321,149.412124895,73.4612104956,0.0380001068115
-25.4945995041,149.094182702,73.8022565082,0.0390000343323
-25.2860536878,149.119384712,73.9679272688,0.0410001277924
-25.5762445239,149.210307365,74.0207649548,0.0390000343323
-26.2409330407,149.839988445,73.853455151,0.0429999828339
-26.9721189267,150.186708247,73.8454266232,0.0380001068115
-27.7127530729,149.807414464,73.9468238424,0.0409998893738
-29.4200443718,149.772436884,73.55854345,0.0390000343323
-30.4156021895,149.445880046,73.5089425439,0.0379998683929
-31.3170559077,149.456436222,73.3678853067,0.0420000553131
-32.4074781988,149.604014639,73.0644918395,0.0390000343323
-32.8353500879,148.805850784,73.4464752441,0.0410001277924
-33.9502324762,148.775773259,73.1312560106,0.0390000343323
-35.0450552951,148.934646362,72.6811692075,0.0379998683929
-35.7485049295,148.881346767,72.5439277936,0.0420000553131
-36.7864850282,149.248975985,72.0629953938,0.0390000343323
-37.6121652953,149.04651177,71.8652555456,0.0410001277924
-37.8774923658,148.978006411,71.9096201747,0.0389997959137
-37.6137686868,148.998757694,72.1984227285,0.0410001277924
-38.0708549899,149.332106671,71.8587702905,0.0390000343323
-38.4214031376,148.91294506,71.8587857864,0.0379998683929
-38.6693389337,149.128209929,71.664479331,0.0409998893738
-38.7092524789,149.134705378,71.8689576054,0.0390000343323
-39.2035284355,149.37782921,71.525604461,0.0410001277924
-39.5958598055,149.73838654,71.1326186988,0.0390000343323
-39.8797253005,149.649089909,71.1251616987,0.0420000553131
-39.6298307951,149.407496912,71.546831328,0.0389997959137
-39.7996881015,149.159949631,71.7736936818,0.0380001068115
-40.1347210072,148.930529679,72.0587254321,0.0409998893738
-40.0909149378,148.306873167,72.7230647962,0.0379998683929
-40.5515000881,148.272517349,72.7921721805,0.0409998893738
-40.9114043096,148.10250161,72.9102448508,0.0390000343323
-41.3010023381,147.985565219,73.0236997847,0.0380001068115
-42.2667017929,148.243595367,72.7882101271,0.0419998168945
-43.0564941395,148.110458863,72.9588345871,0.0390000343323
-43.5405556983,148.039319412,73.376477204,0.0409998893738
-43.8059075725,148.146538729,73.6563220544,0.0390000343323
-43.6160066077,148.053498816,74.2549302693,0.0409998893738
-43.576309556,147.91626805,74.767473001,0.0390000343323
-43.7584739567,147.733018566,75.1400580138,0.0380001068115
-43.9589781385,147.739338359,75.511636576,0.0409998893738
-44.6735131979,147.877561981,75.3013802171,0.0390000343323
-44.7637938121,148.545631369,75.218790687,0.0409998893738
-45.4449532493,148.353306619,75.223573978,0.0390000343323
-45.9460084777,148.0973771,75.5180983504,0.0420000553131
-46.2253543686,148.372473477,75.5390321975,0.0380001068115
-47.2236970397,148.738874961,74.9234230908,0.0389997959137
-47.2827827829,148.477621581,75.4377952554,0.0410001277924
-47.4290345199,148.082623616,75.8642456653,0.0390000343323
-48.8241744775,147.589988524,75.7808138078,0.0420000553131
-50.2845061995,147.035184827,75.4142965779,0.0390000343323
-51.5203534888,146.523712979,74.9980575372,0.0390000343323
-52.3478698943,146.066397173,74.9158833495,0.0420000553131
-52.9123969647,145.327570346,75.0277093971,0.0389997959137
-53.7152336816,144.859469255,74.7585951522,0.0410001277924
-54.3823639169,144.684245756,74.4653306795,0.0390000343323
-54.9709041991,144.297731271,74.2643005083,0.0420000553131
-55.609750526,144.015444184,74.0669031176,0.0380001068115
-56.4731510854,143.630179438,73.6308002285,0.0390000343323
-56.3703365945,143.402715726,74.1433178544,0.0420000553131
-57.5217451893,143.260711913,73.3578623598,0.0390000343323
-58.3077717945,142.869231515,73.0084658037,0.0410001277924
-59.2354532666,142.819681852,72.4820040806,0.0389997959137
-59.7647657969,142.417905761,72.4367081389,0.0390000343323
-61.0080697598,141.804380516,71.5584933244,0.0420000553131
-60.9854233803,141.411625824,72.0838711854,0.0380001068115
-60.9330635149,141.560381206,72.4785559551,0.0409998893738
-61.6158503645,141.241884291,72.0819891916,0.0380001068115
-61.920791688,140.68469343,72.3034749989,0.0390000343323
-62.7682468098,140.195058381,71.8636580882,0.0429999828339
-64.0700164623,139.685604402,70.6996370503,0.0390000343323
-65.1953227872,138.804632219,69.9618179147,0.0419998168945
-65.0639530807,138.290739635,70.7607406605,0.0390000343323
-66.0986936236,137.931941535,69.9025406069,0.0409998893738
-65.9413982764,137.585909573,70.6889124752,0.0390000343323
-65.857223668,137.155093568,71.3208020499,0.0390000343323
-66.4552547491,136.549971238,71.0649680391,0.0420000553131
-66.8471122643,136.065253864,70.934517398,0.0380001068115
-67.4084014645,135.559866044,70.544745623,0.0420000553131
-67.6413522307,134.558101974,70.809538136,0.0380001068115
-68.0551797481,134.232815313,70.5044236228,0.0390000343323
-68.9648621144,133.651906938,69.5605768583,0.0410001277924
-69.6430314383,132.863747636,68.9660240751,0.0389997959137
-71.1386261292,132.098311184,67.0434624356,0.0410001277924
-70.8006005383,131.586846936,68.0697138486,0.0390000343323
-71.5605961059,131.038420832,67.247341013,0.0420000553131
-71.8208068539,130.48639125,67.3139743634,0.0390000343323
-72.6232473805,129.639025149,66.4039658039,0.0379998683929
-72.4040834877,129.300941373,67.0601436151,0.0410001277924
-72.098192031,128.982153172,67.823703704,0.0390000343323
-72.4239935239,128.606713951,67.5846348492,0.0410001277924
-72.5393320763,128.848799121,67.568703847,0.0389997959137
-73.8924085132,128.15260733,65.5433848883,0.0390000343323
-74.7450695661,127.291943893,64.3778274991,0.0420000553131
-73.6566859919,126.655747134,66.7631516376,0.0379998683929
-73.0053678171,126.230757019,68.1742834938,0.0409998893738
-72.8070730913,126.0963121,68.7479498651,0.0390000343323
-72.656994604,125.585455084,69.2390645849,0.0420000553131
-74.0040074986,124.962577538,67.2591638774,0.0389997959137
-74.1399346761,124.107803835,67.137743069,0.0380001068115
-74.3479760978,123.380619571,67.0480575488,0.0420000553131
-74.2678885318,122.866225375,67.363957998,0.0390000343323
-75.1565738654,122.482823648,65.917299741,0.0409998893738
-75.1383678685,122.331483671,66.1123648371,0.0380001068115
-77.0286862122,121.422993867,62.5874097387,0.0429999828339
-77.0205210878,120.985200186,62.7050897677,0.0380001068115
-77.2401654627,120.948517113,62.4314622998,0.0390000343323
-77.044059285,120.76870778,62.92075495,0.0409998893738
-76.6058688172,120.328940881,63.8351995106,0.0390000343323
-76.2330557465,119.658427339,64.5363139568,0.0409998893738
-76.0152736165,118.811710612,64.8421637671,0.0380001068115
-75.2991066302,118.119034155,66.1162580168,0.0389997959137
-76.7346908921,116.878653762,63.1714892473,0.0420000553131
-77.3319681891,115.884083421,61.7270473305,0.0380001068115
-76.1661521308,115.087722308,63.7123644235,0.0419998168945
-74.7920916266,114.188158972,65.892189399,0.0390000343323
-73.87231544,113.851425295,67.186926412,0.0409998893738
-71.4911665522,113.140922501,70.6266571602,0.0390000343323
-71.4923977309,112.276951377,70.2691606207,0.0379998683929
-71.3154184547,111.625294641,70.2313175696,0.0420000553131
-69.8384795605,111.070394569,72.1633320702,0.0390000343323
-69.6452123971,109.928609709,71.978902376,0.0410001277924
-69.8396826045,108.954514573,71.1674109249,0.0379998683929
-69.8155276799,107.762867735,70.4233118438,0.0390000343323
-69.4611743836,106.651655249,70.0577299401,0.0410001277924
-68.0143471541,105.394775321,71.2162534191,0.0400002002716
-68.0300689904,104.336735973,70.5843234909,0.0400002002716
-68.6698821466,103.714649448,69.4683125358,0.0389997959137
-69.8999867283,103.30656159,67.5375227164,0.0410001277924
-69.895442052,103.151060551,67.6729916697,0.0379998683929
-69.452037106,102.876455298,68.4098311995,0.039999961853
-69.7443094438,102.349693325,67.8851980276,0.039999961853
-69.6427646237,101.893725042,67.9762442271,0.0390000343323
-69.1078703699,101.527264609,68.8870677794,0.0420000553131
-68.346348257,101.024018347,70.1306867842,0.0390000343323
-67.186846435,100.519312155,71.9738220419,0.0380001068115
-65.9913817885,100.054505388,73.7181776563,0.039999961853
-65.0236881198,99.6845764105,75.0880740393,0.0390000343323
-65.1676579276,99.1712676351,74.997758497,0.0419998168945
-64.6296756097,98.8699905375,75.7117447722,0.0390000343323
-65.1966719584,98.4880837564,75.0106927025,0.0409998893738
-64.7045273305,98.3580711518,75.7030831117,0.0390000343323
-65.7447295041,98.1885133261,74.4192233843,0.0380001068115
-65.3439469135,98.1782424947,75.0705251232,0.0409998893738
-66.0050913229,98.2761148054,74.373169914,0.0390000343323
-65.1782087813,98.1542155076,75.4045768639,0.0420000553131
-63.6279125682,97.9027524966,77.2808924135,0.0390000343323
-63.8623808782,97.5825732367,76.9430045731,0.0379998683929
-64.4694531762,97.3817133096,76.2250214508,0.0410001277924
-64.832865283,97.2674112539,75.7195839121,0.0369999408722
-64.2465844117,97.0878844641,76.5345665517,0.0420000553131
-64.2659567653,97.0997455286,76.628185541,0.0379998683929
-62.8027804343,97.0961863993,78.4517656492,0.0390000343323
-63.4780433599,96.9572982186,77.6672963866,0.0410001277924
-62.9900312173,96.8241786968,78.2244441049,0.0390000343323
-63.290812569,96.790176498,77.9192755111,0.0410001277924
-62.8814010461,96.5730684231,78.2774354388,0.0389997959137
-61.5366659782,95.7823350721,78.777465181,0.0410001277924
-59.8916670199,95.0267475147,79.4821417721,0.0390000343323
-57.4862027382,94.4429296857,80.7571450798,0.0390000343323
-55.873384477,93.7810425478,81.1586047875,0.0409998893738
-54.24401424,93.3939753534,81.756724092,0.0390000343323
-51.8224809248,93.1052989379,82.9371286927,0.0410001277924
-50.7931206706,92.8403736357,82.8711992729,0.0389997959137
-50.2453957596,92.6230056177,82.3614664426,0.0410001277924
-48.841471384,92.5641177717,82.661021463,0.0390000343323
-47.9082313409,92.5591983902,82.5101070174,0.0390000343323
-46.6763577238,92.701927491,82.442663161,0.0409998893738
-45.2321766878,92.7964013616,82.5745396696,0.0380001068115
-42.8874269102,93.0982425933,83.3413471396,0.0419998168945
-40.8681685125,93.3186415665,83.7284412185,0.0390000343323
-39.0206449347,93.6187314219,83.9916543103,0.0380001068115
-37.5616800229,93.9171708241,83.9269417545,0.0409998893738
-35.7569548835,94.2452638393,84.0487106151,0.0390000343323
-33.9911017896,94.4710484234,84.2091856795,0.0409998893738
-32.454975872,94.7065017363,84.1972564684,0.0380001068115
-31.6482066341,94.8870735436,84.1270880815,0.0409998893738
-31.6134499256,94.9323275725,83.8370210518,0.0390000343323
-31.2623751215,94.9778555993,83.8630922754,0.0410001277924
-31.4449450615,94.9182412194,83.6609362641,0.0380001068115
-30.7823978964,94.9650788411,83.8950555017,0.0390000343323
-30.5225985095,95.0484709517,83.7322453908,0.0409998893738
-29.9384506863,94.9717546956,83.5718759166,0.0390000343323
-28.9771122627,94.9920737588,83.8312863861,0.0409998893738
-28.7864310381,95.1235721306,83.7760929095,0.0390000343323
-28.3650812737,95.042140935,83.7383658585,0.039999961853
-27.336489885,94.9071784568,83.9358599733,0.0390000343323
-26.4210051745,94.5471591489,84.0329400208,0.0390000343323
-26.0721919124,94.2646682108,83.9654804387,0.0409998893738
-25.8239783072,94.1160965545,83.9054141911,0.0390000343323
-25.1652057834,93.9109376031,84.0430849997,0.0420000553131
-24.2406014799,93.5528637158,84.2550015817,0.0380001068115
-23.8029592476,92.9709601691,84.2166338804,0.0419998168945
-23.2373742381,92.3773827558,84.1876478116,0.039999961853
-23.2709474713,91.9399425807,84.061720305,0.0409998893738
-23.2542116177,91.5541184968,83.970516032,0.0390000343323
-22.7950088849,91.1826266137,84.0023034711,0.0390000343323
-22.7724611308,90.9503369166,83.9362483287,0.0409998893738
-21.8796603105,90.6080832004,84.1500776456,0.0390000343323
-21.471218876,90.1587927141,84.1552895379,0.0409998893738
-21.9401610545,89.6266952296,83.8530207405,0.0380001068115
-21.6799951329,89.1116713055,83.8304059768,0.0419998168945
-21.3263098156,88.2817937685,83.7332257079,0.0390000343323
-20.3869259226,87.5710742207,83.9341086991,0.0420000553131
-19.8578734324,86.9263200341,84.0114243898,0.0390000343323
-19.8028873388,86.4657562976,84.0219279989,0.0390000343323
-19.8604361276,86.0553496306,84.0301023413,0.0409998893738
-19.8731687804,85.8896740792,84.0914318749,0.0390000343323
-19.584755449,85.7787582137,84.3095075478,0.0409998893738
-19.5304571241,85.6537078987,84.402171329,0.0390000343323
-19.5271524035,85.5304419839,84.4778087018,0.039999961853
-19.8850316442,85.5080826448,84.5275473148,0.0380001068115
-19.8146347991,85.4003587268,84.8000777454,0.0390000343323
-20.3039153463,85.1863680813,84.8791053334,0.0409998893738
-19.7818705583,84.8766686672,85.33799832,0.0390000343323
-19.3229265793,84.4660948514,85.8797952388,0.0409998893738
-18.9047048351,83.9627864212,86.3807571427,0.0390000343323
-18.7149929093,83.5009836563,86.8667245679,0.0419998168945
-18.3480466297,82.8394186253,87.4779049147,0.0390000343323
-18.2813395203,82.1425704472,88.1052243786,0.0390000343323
-17.8566633277,81.5754828835,88.7321053428,0.0410001277924
-17.8619705869,81.2141695839,89.1660696977,0.0390000343323
-17.7759135597,80.8520437128,89.5786735259,0.0420000553131
-17.7562079666,80.474698128,90.0224083493,0.0390000343323
-17.2791728956,80.1101147181,90.5575563481,0.0409998893738
-17.1084068809,79.7054530855,91.038685523,0.0390000343323
-16.5344589503,79.3043620193,91.597469137,0.0419998168945
-16.9350797999,78.9368275091,91.8958841813,0.0380001068115
-16.8804747199,78.6409208143,92.1957306087,0.0390000343323
-16.7314238196,78.3769952312,92.4741076364,0.0410001277924
-16.5762521739,78.1730512012,92.793314567,0.0390000343323
-16.2127659503,78.048403752,93.1377218824,0.0409998893738
-16.5806709123,77.8971435646,93.2575606393,0.0390000343323
-16.7664565873,77.4002673019,93.5180481498,0.0420000553131
-16.7406880899,76.5592938314,93.6690506347,0.0380001068115
-16.1056358015,75.6924626518,93.8267862522,0.0419998168945
-15.8866234865,74.6815327235,93.9372741143,0.0380001068115
-15.9264826723,73.4335809806,93.8544936923,0.0390000343323
-15.1830419205,72.3644675932,93.9498331539,0.0420000553131
-14.8863175135,71.1762623057,93.9826097196,0.0390000343323
-15.6417563567,70.0635577232,93.735885895,0.0409998893738
-14.6467251999,69.078926861,93.9039173804,0.0380001068115
-14.5122567926,68.1540394515,93.7710006296,0.0419998168945
-3.28149511233,67.2347656221,95.1122189844,0.0390000343323
-3.27199917797,66.1982743254,94.9395423937,0.0390000343323
-2.64168285393,65.2950909136,94.9127845762,0.0420000553131
-2.17811917996,64.4376960086,94.8776956636,0.0390000343323
-0.927407573908,63.5930697048,94.8317747338,0.0420000553131
-0.723488581828,62.7199260056,94.8648500482,0.0379998683929
0.0796149908289,61.8614176513,94.8662945328,0.0420000553131
0.902532584592,61.1693481703,94.814842406,0.0390000343323
1.17341551786,60.4754596532,94.7095691327,0.039999961853
1.64181395285,59.6120323521,94.702859821,0.0380001068115
2.29815672337,58.7638466359,94.6608265733,0.0390000343323
3.26137824329,58.0126159023,94.5156826342,0.0410001277924
3.82206965077,57.3234222465,94.4429715812,0.0380001068115
4.09454670173,56.820695052,94.4215539875,0.0420000553131
4.7150548535,56.1668618925,94.4028139827,0.0390000343323
5.24219736025,55.7255138238,94.3353894402,0.0420000553131
5.2610626538,55.4064166761,94.3246692339,0.0390000343323
5.75192600232,55.1312560398,94.3099558382,0.0389997959137
6.40037537153,54.7968363917,94.2077194564,0.0410001277924
6.70648200369,54.3582643983,94.1290462978,0.0390000343323
7.57237466905,53.8745876606,94.0461858769,0.0420000553131
7.98930284932,53.5394967951,93.9388977115,0.0379998683929
9.16444101376,53.2528265182,93.8276825882,0.0420000553131
9.91684885921,53.1032107559,93.7005567175,0.0380001068115
10.4125367309,52.9736576282,93.6249486391,0.0390000343323
11.3610020595,53.0200137623,93.504728145,0.0420000553131
12.4734599196,53.0515746735,93.3241013595,0.0379998683929
13.213373865,53.1538594604,93.1079881632,0.0420000553131
13.3260913064,53.1860103717,93.1099340791,0.0369999408722
13.4330824642,53.1809456559,93.1134271184,0.0390000343323
14.6369705714,53.3437841218,92.8409363892,0.0419998168945
15.2025636526,53.5305452566,92.7775464291,0.0390000343323
16.2237565419,53.9002629773,92.5526669656,0.0420000553131
16.57134528,54.3478969099,92.4605837631,0.0379998683929
17.2004765924,54.8972646974,92.348527618,0.0420000553131
18.1901852299,55.4134016459,92.0992184715,0.0390000343323
18.7216149565,55.9426777857,91.9935798616,0.0380001068115
19.2962516339,56.4915432305,91.8589407858,0.0409998893738
20.3926531004,56.9790714169,91.5763495781,0.0390000343323
20.971956511,57.5312174574,91.4538539342,0.0420000553131
21.271885151,58.1048012654,91.4293302485,0.0380001068115
21.916490667,58.7681814927,91.1749668575,0.0420000553131
22.3274396406,59.2904911602,91.0154315173,0.0379998683929
23.0081581212,59.7360734592,90.7756035384,0.0390000343323
23.4833464614,60.1690337971,90.6740714507,0.0409998893738
23.989771613,60.7780447479,90.5981632747,0.0380001068115
24.4655102023,61.2898503819,90.4401615072,0.0419998168945
24.8363410666,61.7616360183,90.3417339371,0.0390000343323
24.9638032464,62.2135323259,90.299302203,0.0410001277924
25.2090175117,62.5774082231,90.3157484564,0.0380001068115
25.6926911933,63.0097253353,90.3093608426,0.0390000343323
26.3343237701,63.431514648,90.2035953726,0.0409998893738
26.6866876455,63.8086612288,90.1488220399,0.0390000343323
27.4776211053,64.1638400379,89.8689389083,0.0409998893738
27.4906530791,64.5552298789,89.9030672849,0.0390000343323
27.5994811352,64.8389491116,89.9679174462,0.0390000343323
28.3627861489,65.0051674117,89.7290694653,0.0410001277924
28.9515187411,65.1120821179,89.4592101287,0.0390000343323
29.4070946575,65.1524334397,89.2894016592,0.0420000553131
29.6027588698,65.2723239376,89.270380577,0.0380001068115
29.4546708976,65.3509252688,89.334337238,0.0420000553131
29.1011858427,65.4395080748,89.4976714578,0.0390000343323
28.9019020298,65.578550133,89.7650480918,0.0389997959137
29.1590695949,65.7342323087,89.8112576969,0.0410001277924
29.3173333406,65.84437536,89.8694461151,0.0379998683929
29.4741699511,66.0812807598,90.0476918807,0.0420000553131
29.8840941101,66.2679605422,90.0519654931,0.0389997959137
21.1228440194,66.4713308932,93.6250488625,0.0390000343323
21.6367761384,66.8814718742,93.8406639577,0.0410001277924
22.049452828,67.4077818459,94.2172886188,0.0390000343323
22.089719564,67.9699071368,94.6552983522,0.0420000553131
22.2433550041,68.5024306514,95.1028190838,0.0379998683929
22.4350409954,68.8312369946,95.3829111163,0.0390000343323
22.50146633,69.1882949532,95.7021305723,0.0409998893738
22.3835388517,69.6855089693,96.242285491,0.039999961853
22.2916418703,70.0023015788,96.6210551671,0.039999961853
22.2440807324,70.2468012211,96.8534301575,0.0380001068115
22.6582952346,70.6925921224,97.2433419151,0.0420000553131
22.9543386279,71.1909764734,97.7263464328,0.0369999408722
22.932648166,71.7405766549,98.3431629024,0.0390000343323
23.2241042184,72.155021616,98.859151843,0.039999961853
23.5696818286,72.433141313,99.2913397488,0.0380001068115
23.9880308808,72.8191947834,99.8165809477,0.0419998168945
24.4229160861,73.2237385988,100.223338691,0.0390000343323
24.6873224737,73.59817225,100.705926724,0.0390000343323
25.2446745548,73.9629272297,101.033674322,0.0420000553131
25.4012128397,74.2044517603,101.338399575,0.0390000343323
25.2671514761,74.3080949121,101.583972431,0.0420000553131
25.1437750843,74.3295465305,101.735511307,0.0380001068115
24.6997954658,74.3459213903,101.903712421,0.0409998893738
24.6229804532,74.3851568416,101.956705682,0.0390000343323
24.8332705329,74.3922414624,101.918630406,0.0389997959137
24.6093387878,74.4199910613,102.076476382,0.0420000553131
25.0883473504,74.5237217129,102.106677801,0.0369999408722
24.847252114,74.8957445555,102.624108108,0.0420000553131
24.8892079182,75.0161918599,102.832802316,0.0379998683929
25.3137206688,75.0457658851,102.922458567,0.0390000343323
26.0793281912,75.498034144,103.181699349,0.0410001277924
26.3375940494,76.0051941226,103.519080127,0.0389997959137
27.0293808278,76.5264045389,103.529931608,0.0410001277924
27.9889324165,77.12288807,103.524952803,0.0390000343323
28.4892707519,77.6345219225,103.595362397,0.0410001277924
29.3729569863,78.0847274254,103.552045599,0.0379998683929
30.4307487418,78.4849296938,103.576923505,0.0390000343323
31.9426444635,78.7964954447,103.464462786,0.0410001277924
33.5342299383,79.0531881049,103.441062158,0.0390000343323
34.9613643038,79.2480451229,103.39610045,0.0420000553131
35.9681906808,79.4736427058,103.469956843,0.0389997959137
36.5957082825,79.5214452824,103.492476414,0.0420000553131
37.0808726784,79.4660295494,103.540814668,0.0379998683929
37.3538305602,79.434778644,103.629070909,0.0390000343323
37.3498975237,79.4457664228,103.85925748,0.0409998893738
38.022021189,79.3007617514,103.674240678,0.0380001068115
38.8432130461,79.0807348782,103.512854222,0.0420000553131
39.6629217614,78.7779373721,103.447787323,0.0369999408722
40.5916969307,78.425739861,103.251549939,0.0420000553131
41.6770193849,78.0705856185,103.315178365,0.0390000343323
42.2768692425,77.7908066116,103.519972979,0.0390000343323
43.0092819033,77.4068978783,103.55149596,0.0409998893738
43.8862976005,76.9201228993,103.363448241,0.0390000343323
44.8284866499,76.5012444317,103.190182807,0.0409998893738
46.0185447117,75.9639431835,102.982460989,0.0380001068115
46.391495644,75.6335881781,103.243710356,0.0380001068115
47.2145459591,75.0807921936,103.319426795,0.0409998893738
48.2905494328,74.5134557925,103.271892015,0.0390000343323
49.3918920394,73.7717042223,103.048970773,0.039999961853
50.3588543294,72.9763401784,103.010171482,0.0390000343323
51.3626689945,72.1504406531,102.795024714,0.0419998168945
52.3571119072,71.5319310419,102.69552015,0.0380001068115
52.8580681197,70.9578134969,102.724204923,0.0390000343323
53.6130899008,70.5982023567,102.603980592,0.0420000553131
54.0322744115,70.1930572997,102.559546648,0.0390000343323
54.1754995922,69.8228998406,102.798225385,0.0420000553131
54.7603226715,69.2511250109,102.654486147,0.0380001068115
55.452188315,68.5513880263,102.577358114,0.0390000343323
56.0873935348,67.898075123,102.375002114,0.0410001277924
56.664112964,67.1223399541,102.315159814,0.0389997959137
57.4388676574,66.4993062123,102.069242715,0.0420000553131
57.7696538843,66.0375726801,102.172529062,0.0379998683929
58.4827078564,65.8216703803,101.908786897,0.0390000343323
66.0161678778,65.1280660122,95.4134198277,0.0409998893738
66.8320801732,64.3331752957,95.1097516248,0.0390000343323
67.0395496936,63.7013088108,95.3424314282,0.0410001277924
67.5926771475,62.923195739,95.3844405867,0.0379998683929
67.9629891593,62.2372503642,95.4953851902,0.0390000343323
68.2696786798,61.6389459238,95.5149550928,0.0409998893738
68.1417344068,60.9629283677,95.863154709,0.0380001068115
68.4023000029,60.6525277908,95.8466138348,0.0419998168945
68.9083110363,60.1922826218,95.7592481548,0.0390000343323
69.4976483191,59.7935391197,95.5993276754,0.0390000343323
69.9497735787,59.3912322193,95.4917438204,0.0410001277924
69.6598037382,58.8948420121,96.0175250684,0.0390000343323
69.4289128846,58.4404106538,96.5251328213,0.0420000553131
69.5446530158,58.2162324817,96.6135285012,0.0380001068115
70.0495531225,57.9040943907,96.3368301381,0.0420000553131
70.5728389277,57.6237210779,96.3670625218,0.0380001068115
71.2231663214,56.9183509884,96.150147261,0.0389997959137
71.6988524839,56.0692811538,96.2044803735,0.0410001277924
72.4784671329,55.2490535663,96.0955836424,0.0379998683929
73.2096194261,54.7570302542,95.9559041451,0.0410001277924
73.7497007337,53.9689484323,96.1922230494,0.0389997959137
74.215685089,53.4989687808,96.2882069709,0.0390000343323
74.8752170549,53.3706383342,96.0692835307,0.0410001277924
75.2086212511,53.2706118678,95.9385594809,0.0379998683929
75.5419520141,52.6854455888,96.1986046317,0.0410001277924
76.4092857409,52.4821372704,96.0789960279,0.0379998683929
77.1480826278,52.2587593295,96.2106903527,0.0390000343323
77.2436875395,51.9835933638,96.5830275944,0.0409998893738
77.837125176,51.9098381132,96.5396816022,0.0380001068115
78.2200242674,51.9522304252,96.3882974043,0.0409998893738
78.3254052295,51.7831094156,96.5091967988,0.0380001068115
78.697347181,51.7920927433,96.5047309392,0.0420000553131
79.1010455274,51.8237094554,96.6561738452,0.0379998683929
79.9099571147,51.9765873255,96.5742496369,0.0390000343323
80.6468486221,52.3735176949,96.394571648,0.0409998893738
81.4080956328,52.907180134,95.9976680273,0.0390000343323
82.4400639505,53.5195677624,94.9369461104,0.0409998893738
83.2665037203,54.1381426098,93.7557249125,0.0390000343323
83.5535384158,54.3297610448,93.2694546616,0.0409998893738
83.6791195336,54.5929161463,92.7099647179,0.0390000343323
83.9915328673,54.862170431,92.0506181107,0.0379998683929
84.7837525418,55.4185616027,90.7799636088,0.0420000553131
85.1130644882,55.7942374883,90.1261265834,0.039999961853
85.808509678,56.2705803861,88.8713994436,0.0419998168945
86.1617616735,56.5314979074,88.3115461955,0.0390000343323
86.5002383793,56.9123714692,87.5325800269,0.0390000343323
86.9301258056,57.4155730485,86.3306000562,0.0420000553131
87.179417631,57.8920241199,85.5061652887,0.0390000343323
87.4248469362,58.2986019912,84.6414674497,0.0409998893738
87.7826789632,58.5863560775,83.7985259172,0.0380001068115
88.1141012213,58.8413969782,82.7983295597,0.0420000553131
88.1002672014,59.0064402732,82.4646029012,0.0380001068115
87.9803201382,59.1240379702,82.2761166151,0.0379998683929
88.1650066702,59.3416770228,81.7743342589,0.0420000553131
88.2926319913,59.1477142783,81.7495454893,0.0379998683929
88.6687623254,59.4790433526,81.0885636209,0.0420000553131
89.42963749,60.0130434825,79.7941114801,0.0389997959137
90.2648065296,60.7881849614,78.3412020235,0.0420000553131
90.8028618335,61.42242408,77.2710712539,0.0390000343323
90.7418139845,61.5664763058,77.5856525575,0.0380001068115
91.1972208253,61.8542756818,77.1063852117,0.0420000553131
91.2650235555,62.0080006155,76.9747511631,0.0379998683929
91.6112696774,62.3382074362,76.6657628339,0.0420000553131
91.7182394468,62.6445230357,76.9850312841,0.0379998683929
91.9905415028,63.2137917111,77.1589227024,0.0390000343323
92.7605213041,63.9097697062,77.0234115598,0.0409998893738
89.2986454655,64.7851536616,84.6231734163,0.0379998683929
89.6591844838,65.5765636937,84.7724440165,0.0410001277924
90.3928738422,66.565936528,84.6681517183,0.0390000343323
91.4984763219,67.2329869141,83.937932032,0.0390000343323
92.5064863734,68.2840572596,83.8151955753,0.0409998893738
93.34193281,69.5236209823,84.147066818,0.0380001068115
94.8575054361,68.6460416704,80.6797913878,0.0419998168945
95.4710574768,69.8888189514,81.3527438826,0.0390000343323
95.9195272841,70.1460337207,81.0380012245,0.0379998683929
96.3214481997,70.530783598,80.9133130419,0.0420000553131
96.8149780556,70.989147592,80.8557416429,0.0379998683929
97.0347938296,71.931530988,81.8395091142,0.039999961853
97.6115834034,72.2851194988,81.4256103799,0.0390000343323
98.0027209264,72.8500883119,81.6126134829,0.0380001068115
98.6519956342,73.1929213985,81.4244121082,0.0420000553131
98.9574663378,73.5201175861,81.4889317332,0.0390000343323
99.5660428488,74.0968528592,81.3019587909,0.0410001277924
100.256834283,74.2454734232,80.5821697117,0.0390000343323
100.79231898,74.397747453,79.9534601972,0.0390000343323
101.596405407,74.9557103468,79.8565552768,0.0419998168945
102.392009243,75.289215205,79.4379452308,0.0380001068115
102.959727275,75.6237761647,79.2686684239,0.0420000553131
103.65911535,75.9081989692,78.9422721459,0.0379998683929
104.308206883,76.5354899512,78.8953003958,0.0390000343323
105.032993277,77.208050798,79.2130902923,0.0409998893738
105.788379539,78.2275390204,79.9622348803,0.0380001068115
106.773334716,78.8770894546,79.9902574427,0.0409998893738
107.597867584,79.6970603377,80.3393883789,0.0380001068115
108.414358239,80.0176778561,79.881154092,0.0390000343323
109.15320515,80.7419483289,79.963097776,0.0420000553131
109.942865875,81.1431348947,79.5176769308,0.0379998683929
110.646352768,81.5408613786,79.2678471277,0.039999961853
111.229918437,81.9746957234,79.1745085858,0.0390000343323
111.871107454,82.3759689793,79.0118505452,0.0380001068115
112.328524965,82.444115411,78.3505930223,0.0420000553131
112.881671825,83.1094471043,78.6554852621,0.0390000343323
113.197188624,83.5181495556,78.8294089285,0.0420000553131
113.270606695,83.3331237818,78.2202684441,0.0379998683929
113.70797078,83.9939320377,79.1152606186,0.0420000553131
113.540669846,83.2621900839,77.4956612981,0.0389997959137
113.868394347,83.7177678393,77.8702317838,0.0390000343323
114.19027763,84.0822547047,77.9242371068,0.0420000553131
115.290571804,85.9440803846,80.3192313842,0.0389997959137
115.842113499,86.4698733813,80.5966931118,0.0410001277924
116.227758737,86.8227099262,80.6774337435,0.0390000343323
116.568082739,87.183777662,80.8214988003,0.0420000553131
117.160521849,87.7544822897,81.299504067,0.0379998683929
117.463343443,88.0172838402,81.3906053762,0.0380001068115
117.774535175,88.6080843761,81.6962540073,0.0419998168945
118.223649272,88.8897599541,81.6614077274,0.0380001068115
118.600921954,89.1859808637,81.5800667979,0.0420000553131
120.832853162,90.5730952043,82.4999521265,0.0390000343323
120.441207853,90.6424969533,82.2338749002,0.0380001068115
120.382544468,90.7913224478,82.2276069897,0.0420000553131
120.499879753,91.301724498,82.3624379549,0.0390000343323
120.512799206,91.6000754134,82.2112686585,0.0409998893738
120.629258426,92.0342491033,82.2882688347,0.039999961853
120.796422913,92.4147914608,82.167986665,0.039999961853
121.310812413,93.1806049117,82.4768989595,0.0390000343323
121.570173899,93.9385901562,82.5955229581,0.0379998683929
121.621305697,94.054321319,82.4110385927,0.0410001277924
121.665648222,94.311800809,82.4242524601,0.0390000343323
121.680613059,94.8203984959,82.3922417003,0.0409998893738
120.17193224,92.2223333252,78.2949802222,0.0390000343323
119.975379418,92.8745362335,77.9146048532,0.0379998683929
119.863742926,94.0187522217,77.2871204602,0.0420000553131
119.674573808,95.2343210231,76.6247662501,0.0390000343323
119.267252903,95.8251256608,75.110480363,0.039999961853
118.85478177,96.6821278277,74.0254416563,0.0390000343323
118.207177917,97.4014304532,72.7656273718,0.0390000343323
117.641526899,98.3185202486,72.0163777052,0.0420000553131
117.155893403,98.9538363832,71.1579859583,0.0379998683929
116.470903035,99.6651841341,70.1962287419,0.0420000553131
116.002695745,99.9348717437,69.3577534348,0.0379998683929
115.673341671,100.201652704,68.8615313881,0.0410001277924
115.523368907,100.618337516,68.7949849093,0.0379998683929
115.261355299,100.70528322,68.3119891134,0.0380001068115
115.1556915,101.159218046,68.4963688662,0.0420000553131
114.947773253,101.429950684,68.5020808161,0.0390000343323
114.683529099,101.9913876,68.7202426436,0.0420000553131
114.222930746,102.49530566,68.6514565848,0.0379998683929
113.848419362,102.897075544,68.5035655899,0.0410001277924
113.197984195,103.327122536,68.0378406467,0.0390000343323
112.75984977,103.780696347,68.0258842015,0.0380001068115
112.370898442,104.070639933,67.8671452104,0.0419998168945
112.081243112,104.065077229,67.4663575902,0.0380001068115
111.971655373,104.493136941,67.7767224547,0.0420000553131
111.71532991,104.912310331,67.9164663663,0.0380001068115
111.321688754,105.09785698,67.7004640521,0.0409998893738
110.964129999,105.61560443,67.9329403191,0.0390000343323
110.594181569,105.787796413,67.7602732722,0.0380001068115
110.063768083,106.314523439,67.9253523951,0.0419998168945
109.449403084,106.659038031,67.9449408131,0.0390000343323
109.077227483,107.021377461,68.1388172511,0.0409998893738
108.745977698,107.436309971,68.3944074851,0.0390000343323
108.595989117,107.862615393,68.6832181514,0.0389997959137
108.324488825,107.832067057,68.4162564431,0.0410001277924
108.058325764,107.86091476,68.2946039545,0.0390000343323
107.814730344,107.923299797,68.192596377,0.0410001277924
107.520686758,108.069071892,68.1866590134,0.0390000343323
107.088577616,108.703580327,68.6751506649,0.0409998893738
106.374055745,109.310138908,68.8836010187,0.0380001068115
105.402056064,110.067219193,69.0751464448,0.0379998683929
104.543752881,110.980840206,69.4512316065,0.039999961853
103.516769558,111.774968054,69.6463734662,0.0379998683929
102.718090936,112.522140399,69.9193354163,0.0410001277924
101.775656579,113.280258762,70.2078320793,0.0390000343323
100.935744337,113.720232788,70.0890604374,0.0379998683929
99.8258208699,114.816628782,70.5538845061,0.0420000553131
98.7930222385,115.53919196,70.587879896,0.0379998683929
97.8131937961,116.31946483,70.7000296818,0.0420000553131
96.6651609696,117.505566554,71.229243831,0.0379998683929
95.7315949871,118.018485304,71.1690190115,0.0380001068115
94.9902926341,118.773061185,71.5125817503,0.0419998168945
94.5722854926,119.006109991,71.465468438,0.0380001068115
94.2556556572,119.033237213,71.2974637566,0.0409998893738
93.9372893687,119.37897924,71.4111679637,0.0390000343323
93.6335308915,119.605824623,71.4533681284,0.0409998893738
93.0601926301,120.057131543,71.6179177812,0.0390000343323
92.3039413783,120.836311606,71.8884322297,0.0390000343323
91.1138474995,121.979366076,72.3812403124,0.0419998168945
90.0778168062,123.022456393,72.7658789625,0.0380001068115
88.8835642378,124.344217604,73.3097328583,0.0420000553131
87.7712805507,125.455650817,73.6763640925,0.0380001068115
86.6765272975,126.467823679,73.9836376174,0.0420000553131
85.5761902439,127.641576734,74.3325928102,0.0379998683929
84.4618666112,129.002141794,74.7606076291,0.0380001068115
83.5129006884,130.268025927,75.0779561301,0.0419998168945
82.6002302046,131.360946975,75.2899797245,0.0390000343323
81.7981031645,132.414284867,75.5283181889,0.0409998893738
81.0436174378,133.359606627,75.7188595903,0.0390000343323
80.3176565049,134.346420769,75.9612871164,0.0379998683929
79.6550779731,135.297976574,76.203159721,0.0420000553131
79.1679643252,135.887506511,76.2765966108,0.0379998683929
78.7600800731,136.603432673,76.4748014502,0.0410001277924
78.507519464,136.961027078,76.5240111013,0.0390000343323
78.2544781413,137.403101307,76.6436599257,0.0409998893738
78.1260991713,137.450512906,76.5599374938,0.0390000343323
77.8586231445,137.866324403,76.6391623642,0.0379998683929
77.7808604302,138.033162161,76.6244569072,0.0420000553131
77.8066079268,138.065325906,76.6285152438,0.0389997959137
77.7509361709,138.107999481,76.6408999011,0.0410001277924
77.7391025126,138.017288507,76.5854158367,0.0390000343323
77.5469143905,138.356436997,76.6508066489,0.0420000553131
77.1998632393,138.915448357,76.6831552854,0.0390000343323
76.6718101592,139.768740754,76.7208570093,0.0379998683929
76.1638018465,140.49980006,76.3914578698,0.0420000553131
75.7623336214,141.097381474,75.8307052392,0.0390000343323
75.5473352078,141.224384438,75.1054410089,0.0410001277924
75.2412083168,141.584044215,74.447595557,0.0379998683929
74.7811865096,142.286387243,73.8782156181,0.0410001277924
74.5045197126,142.659782493,73.2036246381,0.0390000343323
74.1380585798,143.154666355,72.6203320603,0.0380001068115
74.0741367659,143.118974775,72.1258803057,0.0420000553131
73.8880159578,143.45199575,71.8194569622,0.0390000343323
73.6673389334,143.690226335,71.4891576399,0.0410001277924
73.6253507613,143.591444426,71.0816011309,0.0390000343323
73.6961888048,143.347768392,70.6940802549,0.0390000343323
73.7150622509,143.198360423,70.4642227018,0.0419998168945
73.7793398993,143.08592966,70.2628836395,0.0380001068115
73.5383386657,143.531080795,70.0554673624,0.0420000553131
73.246854954,144.035708099,69.7210596121,0.0390000343323
73.0613947223,144.291611078,69.3424050651,0.0409998893738
72.9848952613,144.30394899,68.8718471077,0.0390000343323
73.044399413,144.04803908,68.4289679925,0.0380001068115
73.1580457573,143.788605433,68.0613462339,0.0409998893738
73.2227356106,143.607372923,67.7438761643,0.0390000343323
73.3356234739,143.386471622,67.390451059,0.0409998893738
73.2930488742,143.269881799,66.9488400059,0.0369999408722
73.0874453305,143.56595375,66.571608031,0.0419998168945
72.6342479262,144.213799583,66.1965914207,0.0390000343323
72.0535181327,145.098109783,65.8962064511,0.0380001068115
71.6669156086,145.865539969,65.6045387544,0.0420000553131
71.2819936132,146.652748097,65.5343565,0.0390000343323
70.978061204,147.289487215,65.5695335205,0.0409998893738
70.5767113542,148.053500823,65.6616705155,0.0390000343323
70.5606650637,148.047109484,65.5920035856,0.0390000343323
70.5049584596,148.163409971,65.6189343911,0.0410001277924
70.1117602796,148.780993658,65.8603213557,0.0389997959137
69.2871466767,150.018141926,66.3749377827,0.0420000553131
67.9410238622,152.326944973,67.0100220399,0.0390000343323
66.9532274792,153.873745092,67.4341916005,0.0409998893738
65.7526044182,155.621259574,67.8122057753,0.0390000343323
64.7073846888,157.09170037,68.0956837621,0.0379998683929
64.0093710172,157.984871442,68.2592856254,0.0420000553131
62.931810055,159.372579914,68.4956333505,0.0379998683929
61.8836408616,160.611836487,68.6745169159,0.0409998893738
60.6336907268,161.938854168,68.8314374005,0.0380001068115
59.4474134762,162.878913531,68.9552234534,0.0390000343323
58.6717498802,163.272336276,69.1319758521,0.0420000553131
57.3939651887,164.429443323,69.1176224914,0.0389997959137
56.5240324218,165.075549075,69.1337156212,0.0410001277924
55.2826220764,166.124582412,69.0578685958,0.0390000343323
53.983011785,166.65828063,69.0372606732,0.0390000343323
52.9012315009,166.736718878,69.1853188471,0.0409998893738
51.921934761,166.526181316,69.2961993841,0.0380001068115
50.6893843443,167.087022655,69.1317671869,0.0420000553131
49.8182673951,167.134039535,69.1091787963,0.0380001068115
48.797455219,167.33075152,68.9330068454,0.0410001277924
48.0348911182,167.124363256,68.9594523022,0.0390000343323
47.076400669,166.973913827,68.9536564151,0.0380001068115
45.7900055477,167.317022899,68.6618789142,0.0419998168945
44.7875235091,166.921774054,68.6812299846,0.0380001068115
43.6506619852,166.322358404,68.680380454,0.0419998168945
42.5886558987,165.750945666,68.6081661803,0.0390000343323
41.3576173445,165.321080286,68.5433801572,0.0379998683929
40.4650858776,164.593151081,68.544053929,0.0420000553131
39.4305979843,164.434613208,68.3446780053,0.0380001068115
38.7279614831,163.79821449,68.3512402001,0.0410001277924
38.2228547769,162.896702594,68.4594140016,0.0390000343323
37.1771807513,163.071831137,68.1731618552,0.0409998893738
36.232608071,163.075361803,67.9618535194,0.0390000343323
35.109490265,163.530870188,67.5205294445,0.0379998683929
34.6401607111,162.594662327,67.6507890291,0.0410001277924
34.0348624701,161.795484881,67.6773397626,0.0379998683929
33.5992825471,160.621928188,67.8782128966,0.0420000553131
33.0436603618,159.488691527,68.0811600238,0.0380001068115
32.678467728,158.226021598,68.2763979571,0.0410001277924
31.9379869025,157.813327411,68.183305627,0.0390000343323
31.301860505,156.960527097,68.1675172198,0.0390000343323
30.7556369386,156.136958204,68.1674936503,0.039999961853
30.2902013288,155.205059983,68.1918638112,0.0390000343323
29.9914038997,153.963153264,68.3369927991,0.0410001277924
29.6424159877,153.024741059,68.3759999969,0.0389997959137
29.0418489277,152.56964451,68.2509451672,0.0410001277924
28.6782643775,151.51064301,68.2731571826,0.0390000343323
28.3554701312,150.548619811,68.2785767445,0.0390000343323
27.9858840923,149.752981139,68.2519871454,0.0409998893738
28.0170168425,148.40393307,68.3569421695,0.0390000343323
28.0328575166,146.894021819,68.4648236729,0.0400002002716
27.8268732486,145.783589035,68.4758063997,0.0389997959137
27.7918733756,144.468371354,68.5061085579,0.0420000553131
27.699165017,143.299256229,68.505900678,0.0390000343323
27.7407937993,141.900361092,68.5212179134,0.0420000553131
27.800954168,140.71646231,68.4728186659,0.0380001068115
27.8005545988,139.569589189,68.4400715684,0.0379998683929
27.8934267569,138.476933359,68.3981720759,0.0409998893738
27.9660878871,137.702234989,68.3175138316,0.0390000343323
28.1598773668,136.50902698,68.2934396541,0.0410001277924
28.2174421599,135.631707612,68.2794798011,0.0389997959137
28.3554738476,134.671900958,68.2540088677,0.0410001277924
28.4873560056,133.696008818,68.2075207123,0.0390000343323
28.7551599804,132.510071989,68.0992450954,0.0390000343323
28.8314887343,131.61937435,68.0251138754,0.0409998893738
28.880228544,130.90756584,67.944464234,0.0390000343323
28.9392687838,130.330007314,67.8655880342,0.0410001277924
28.8165695212,129.81107729,67.8449590966,0.0390000343323
28.9095700111,129.000553378,67.7521426375,0.0390000343323
29.0722571655,127.799846703,67.6276018292,0.0409998893738
28.9972370792,126.84835848,67.5770180698,0.0390000343323
28.7705164942,125.90227454,67.5455995625,0.0420000553131
28.5853253472,124.71096913,67.4067673577,0.0390000343323
28.1284418598,124.202577585,67.4437513032,0.0409998893738
27.8402379411,123.319879835,67.342807258,0.0390000343323
27.507260808,122.593136714,67.2377348086,0.0380001068115
27.0082958836,122.352803203,67.3158797908,0.0419998168945
26.3597133848,121.863640021,67.3424757488,0.0380001068115
25.521821844,121.221778783,67.3638780389,0.0419998168945
24.6271658859,120.858395099,67.4145272599,0.0390000343323
23.9970452791,120.481778674,67.3988531679,0.0409998893738
23.4964599739,120.255190834,67.4254291148,0.0390000343323
23.132944451,120.129403046,67.4305566635,0.0380001068115
22.7355995563,120.103375649,67.4815863821,0.0410001277924
22.41118362,120.082121194,67.5290349101,0.0390000343323
22.1533049728,119.930721863,67.4935248765,0.0409998893738
21.6768039881,119.843893549,67.5317013383,0.0390000343323
21.1412348264,119.921441922,67.6310242117,0.0379998683929
20.3680729057,119.959874412,67.6774150676,0.0410001277924
19.3811695431,119.731461412,67.7245364501,0.0389997959137
18.1635424702,119.738496489,67.8663336035,0.0410001277924
17.0586232303,119.696327369,67.9664261689,0.0370001792908
15.9042146375,119.90219171,68.117563967,0.0419998168945
14.7787020871,120.096623868,68.2670515366,0.0390000343323
13.3332137296,120.40499402,68.4561102921,0.0379998683929
11.942652221,120.722786457,68.544465827,0.0420000553131
10.4432557503,121.310581055,68.8007395078,0.0379998683929
9.16449849565,121.676630771,68.979003915,0.0410001277924
7.90623918427,122.350780389,69.1390625667,0.0389997959137
6.61488894212,122.978000051,69.3163774956,0.0410001277924
5.17081400173,123.791293411,69.4957734676,0.0380001068115
3.80626395253,124.752369525,69.6503312263,0.0379998683929
2.92140394499,125.32615639,69.7468233263,0.0389997959137
2.37459841083,125.397842501,69.8078285303,0.0390000343323
2.30475064051,125.452880991,69.8202975754,0.0420000553131
2.0600662183,125.458456184,69.8436672105,0.0379998683929
1.57241314769,125.670732068,69.9086781014,0.0390000343323
0.718391531312,126.347986362,70.0569624265,0.0409998893738
-0.304165877936,127.066826552,70.2317640101,0.0390000343323
-1.46009794269,128.110674629,70.4236203506,0.0420000553131
-2.63457912749,129.123562649,70.5704532815,0.0369999408722
-3.6878279958,129.95621582,70.6893352492,0.0400002002716
-4.93746044786,130.884085538,70.7730666999,0.0390000343323
-5.96883188095,131.643277647,70.8873598557,0.0390000343323
-6.57009796948,132.337871658,71.0468939536,0.0409998893738
-7.72244766431,133.464740679,71.1450336833,0.0390000343323
-8.6041397739,134.366802392,71.2505174372,0.0420000553131
-9.59036626516,135.386256174,71.3133708149,0.0390000343323
-10.548795544,136.60617388,71.3351172046,0.0379998683929
-11.6572535011,138.037397305,71.2424294609,0.0410001277924
-12.8712950267,139.311018576,71.1151281103,0.0390000343323
-13.7955163701,140.501741848,71.0860045551,0.0409998893738
-14.6072850414,141.090870143,71.2610820223,0.0390000343323
-15.6722004399,142.232530769,71.2713375008,0.0409998893738
-16.58815611,142.709632315,71.3598417949,0.0390000343323
-17.5015791992,143.306247223,71.4218148616,0.0379998683929
-18.6078941945,144.324548009,71.2579833657,0.0420000553131
-19.5804905986,144.704372,71.3044610554,0.0380001068115
-20.3389318183,145.200305351,71.2731072142,0.0410001277924
-20.7708034736,145.580682086,71.275867258,0.0390000343323
-21.2416242721,146.12173855,71.1288869218,0.0409998893738
-21.288590624,146.199485518,71.2574018897,0.0390000343323
-21.6330399448,145.890318067,71.3917514778,0.0390000343323
-22.4758498594,146.636211954,71.0890170267,0.0420000553131
-22.6201101814,146.717105353,71.2311137415,0.0379998683929
-22.7495182248,146.47608833,71.4412246737,0.0410001277924
-22.6211672939,146.073616391,71.7856900362,0.0390000343323
-22.4239161123,145.621583571,72.140327746,0.0420000553131
-22.6078155879,145.749683802,72.1769042628,0.0390000343323
-23.347657849,146.310413018,72.0469155539,0.039999961853
-24.1305956091,146.940096242,71.913135523,0.0410001277924
-25.7431437001,147.986562723,71.6190010486,0.0390000343323
-28.3590209762,148.836097746,71.1406539418,0.0420000553131
-30.2762136699,149.104782311,70.829552758,0.0379998683929
-31.3321354849,149.266310054,70.700387321,0.0410001277924
-31.6880619762,149.280828024,70.8588124991,0.0379998683929
-32.0329458547,148.909660351,71.1377512393,0.0390000343323
-32.657825925,148.775258751,71.3806671668,0.0409998893738
-33.5599375187,148.836254231,71.3053074324,0.0390000343323
-34.4547034758,148.851699458,71.2731794854,0.0410001277924
-35.7774344909,148.462803197,71.2030722469,0.0389997959137
-37.8625308821,148.373671826,70.6283925547,0.0380001068115
-39.8952021832,148.477362232,69.8418201784,0.0420000553131
-41.5846767943,148.419445178,68.9243267206,0.0380001068115
-42.1704539414,148.327395076,68.7744987448,0.0409998893738
-42.5722181932,148.27160535,68.6558971456,0.0390000343323
-42.6454909228,147.825439773,69.0347132026,0.0409998893738
-43.1946816544,148.092069485,68.6127331538,0.0390000343323
-43.1099224868,147.943767123,68.8807402932,0.0380001068115
-43.762706976,147.52228988,68.9204276278,0.0409998893738
-45.0060865539,147.006815694,68.9227366051,0.0390000343323
-45.7412075112,147.146511261,69.3210060463,0.0409998893738
-46.0712957204,147.153914658,70.1747521792,0.0390000343323
-46.5603692551,147.365603908,70.447287003,0.0409998893738
-47.2611367925,147.435689035,70.2804956316,0.0390000343323
-48.4783409549,147.399361955,69.8081360579,0.0390000343323
-49.0195153689,147.252883521,70.0894254427,0.0409998893738
-49.2313243744,147.155922317,70.4253296266,0.0390000343323
-49.4058227105,148.098347693,70.1555353679,0.0420000553131
-49.2225736589,148.371645044,70.494904149,0.0390000343323
-49.6885102797,148.925285308,69.9624735033,0.0379998683929
-49.8266155327,149.390391511,69.7982608788,0.0410001277924
-49.465697357,149.190938093,70.4071054221,0.0380001068115
-49.5527278738,149.216382374,70.4203511634,0.0420000553131
-49.6646548021,149.488738355,70.2534051773,0.0379998683929
-49.3755268678,149.42251274,70.7000064218,0.0420000553131
-49.665776055,149.562855264,70.6547071876,0.0390000343323
-50.2042555926,149.603398134,70.5035376545,0.0379998683929
-51.0535257097,149.997924118,69.8085467926,0.0410001277924
-51.4958228142,150.066032027,69.9852561206,0.0379998683929
-51.9783664247,149.968521206,70.0831275298,0.0410001277924
-51.7452199336,150.385691376,70.4430924349,0.0390000343323
-51.7560736995,150.142964621,70.7287946479,0.0420000553131
-51.8746433042,150.135866539,70.6851472185,0.0379998683929
-51.608797675,149.710543534,71.2756232892,0.0390000343323
-52.0483959009,149.287304897,71.315795915,0.0410001277924
-52.6147485226,149.265542233,71.291739662,0.0390000343323
-53.9809132459,148.712147442,70.8719211291,0.0410001277924
-54.7616798173,148.134156982,70.7824816843,0.0389997959137
-55.8556374823,147.681417581,70.0487665462,0.0390000343323
-57.2169567604,147.046306557,69.0873642961,0.0420000553131
-58.2583978974,146.559883477,68.4170334184,0.0379998683929
-58.8153386642,146.217795103,68.4304953661,0.0409998893738
-59.7119196849,145.62814794,68.1352682143,0.0390000343323
-60.7439450162,144.600669866,68.0062576399,0.0380001068115
-61.5236637664,144.298199567,67.6469266348,0.0409998893738
-62.2505234856,143.475132378,67.5770458659,0.0390000343323
-63.7447650002,142.622094238,66.6857667183,0.0409998893738
-64.8170075551,142.122804093,66.1713696679,0.0390000343323
-66.4800523139,140.651757726,65.1115350297,0.0420000553131
-67.6541421298,139.507508963,64.7180529345,0.0379998683929
-69.3666801632,138.265463265,63.2978171474,0.0380001068115
-70.2185408092,137.019835548,63.3749757826,0.0409998893738
-72.0106377781,136.037276905,61.774808867,0.0390000343323
-72.8820711416,134.843649844,61.8897335259,0.0409998893738
-73.7906181022,133.69986628,61.7623616294,0.0390000343323
-75.1719284529,132.116076434,60.684084167,0.0409998893738
-76.3786774214,130.326851274,59.671673185,0.0390000343323
-76.5099532042,128.803798181,60.5289523551,0.0369999408722
-76.8604856275,127.489996631,60.7748570568,0.0410001277924
-78.5856959438,126.03328514,57.8213912595,0.0390000343323
-78.8921705262,124.987702651,57.797788773,0.0409998893738
-78.9910273552,124.17670553,58.0296967993,0.0379998683929
-80.0932297624,123.313447454,55.6355700257,0.0390000343323
-80.3786635023,122.49143856,55.1596769056,0.0410001277924
-80.6812066642,121.278076486,54.5341969035,0.0389997959137
-80.0397236131,119.894977575,56.2434339354,0.0429999828339
-80.826682039,118.396577699,54.0828524298,0.0380001068115
-80.8035078321,117.16822061,53.7472457371,0.0410001277924
-80.2970879318,116.330397544,54.7163146569,0.0390000343323
-80.4473639788,115.397848148,53.9187548555,0.0379998683929
-80.3472214954,114.874357467,53.8436450675,0.0409998893738
-79.4485789506,114.183602128,55.8820630189,0.0400002002716
-78.9874253411,113.190287296,56.473973196,0.0410001277924
-78.2863063068,112.740472547,57.6894671756,0.0389997959137
-77.134160758,112.176561168,59.9860585998,0.0410001277924
-78.4751220262,111.431073046,56.411926753,0.0380001068115
-79.1478255609,110.708648205,54.4069972817,0.0380001068115
-79.5808599912,109.973330579,52.6788453733,0.0420000553131
-78.7168941311,109.558670877,54.4894108848,0.0389997959137
-78.413014228,108.831799898,54.6227021083,0.0400002002716
-76.5236345252,108.296165997,58.5721024866,0.0390000343323
-75.5827650795,107.755397331,60.023558309,0.0390000343323
-74.7628874802,107.072010461,61.1320979794,0.0419998168945
-74.4360678972,105.697043288,60.746577468,0.0380001068115
-73.4988072737,104.434353424,61.7543834284,0.0420000553131
-73.6272966098,103.758798803,61.0268753922,0.0380001068115
-73.8699246543,103.352564633,60.3369174181,0.0419998168945
-73.1973405484,103.272713343,61.7401457916,0.0390000343323
-71.9985209,103.033446007,64.0207204235,0.0380001068115
-71.9284424566,102.626625764,64.2389620037,0.0409998893738
-71.9223706762,102.226756436,64.33903677,0.0390000343323
-72.1191727845,101.810439488,64.1483984224,0.0420000553131
-72.0837689399,101.356218254,64.2152680107,0.0380001068115
-72.0039191167,100.840483436,64.3847156414,0.0379998683929
-72.7162435913,100.225767381,63.0355799742,0.0420000553131
-71.5586667891,99.9992152396,65.1872288395,0.0390000343323
-71.9662741972,99.5372946532,64.3435626442,0.0410001277924
-70.8284156623,99.4641675182,66.3943709969,0.0390000343323
-71.6472619622,99.3616147257,65.0442506333,0.0379998683929
-71.1153315131,99.2775471198,66.066113799,0.0420000553131
-71.2509949704,99.2073155402,65.9739814153,0.0379998683929
-71.0637045474,98.8622936523,66.3138081283,0.0420000553131
-72.5081792463,98.2335127883,63.6127206586,0.0379998683929
-71.6617297965,98.0373272731,65.2167156816,0.0410001277924
-70.7348796956,97.7598607962,66.8140866699,0.0390000343323
-70.5540421479,97.5300050975,67.0831454658,0.0390000343323
-69.7938995016,97.5995981464,68.3975818952,0.0409998893738
-69.5259044473,97.6950059682,68.8275775033,0.0390000343323
-68.8984253841,97.741074531,69.876280282,0.0420000553131
-68.1278460506,97.7420194292,71.0881227847,0.0380001068115
-68.5863032296,97.5334221346,70.4101016089,0.0390000343323
-68.4598571273,97.5139867609,70.694743722,0.0409998893738
-69.1646261291,97.4384483565,69.6838908332,0.0390000343323
-68.7781341723,97.0618894597,70.1587037093,0.039999961853
-69.243459796,96.6904051449,69.3425769631,0.0390000343323
-68.537961615,96.4602766702,70.3658254341,0.0409998893738
-68.1682176333,95.7113437015,70.1439419806,0.0390000343323
-66.910516593,94.9284413851,70.7590467618,0.0390000343323
-64.8083307213,94.4327782958,72.5883993059,0.0419998168945
-62.9945233098,93.8863418901,73.6656887687,0.0380001068115
-61.7859449597,93.3520654378,73.9538317298,0.0409998893738
-59.1674796423,92.9074582935,75.6633431483,0.0390000343323
-58.493006923,92.4687885235,74.7006425076,0.0379998683929
-55.2791989609,92.3873510968,76.5061660249,0.0420000553131
-53.3551480888,92.3812443836,76.5926573143,0.0380001068115
-49.7387481857,92.7839039989,78.1631558346,0.0419998168945
-46.6324161801,93.1369501382,79.2774817535,0.0380001068115
-43.3399519609,93.6062829531,80.5163713846,0.0419998168945
-41.4808727698,93.8990009019,80.8832490986,0.0380001068115
-39.8123232987,94.2688750237,81.181593975,0.0380001068115
-38.2462891045,94.5451432768,81.308281411,0.0390000343323
-36.4924891691,94.9077119257,81.8336646281,0.0389997959137
-35.5650812519,95.1187105489,81.9704749145,0.0410001277924
-34.5599224848,95.1591218532,81.9838247201,0.0379998683929
-33.2751247964,95.2562513959,82.1494624066,0.0420000553131
-31.8068212147,95.0348350725,82.2144603435,0.0390000343323
-29.6794568974,93.8175945612,82.323248013,0.0390000343323
-27.569427143,92.647203984,82.6319825393,0.0420000553131
-26.7759501694,91.3248713539,82.4342636722,0.0379998683929
-25.6816723134,90.0316263166,82.4481634056,0.0410001277924
-24.8739510241,88.9038859824,82.4106563261,0.0390000343323
-24.1503059763,87.877886763,82.3971415057,0.0420000553131
-23.4691597921,87.0201687961,82.4044169394,0.0390000343323
-23.5571796196,86.3761148852,82.2858656907,0.0420000553131
-23.3007242623,85.968351156,82.4645803123,0.0390000343323
-23.2081555162,85.6835311124,82.6381169518,0.0390000343323
-22.4080354322,85.5312424731,83.094577516,0.0410001277924
-22.5950770292,85.4237837831,83.2044411911,0.0389997959137
-22.5145756218,85.3159738113,83.4869983011,0.0410001277924
-22.1159525874,85.2579971143,83.8111421787,0.0390000343323
-22.1057025227,85.1062375062,83.9004486244,0.0410001277924
-21.7093332916,85.0624227824,84.1273583239,0.0379998683929
-21.7076635739,84.8804199619,84.2906154033,0.0420000553131
-21.687111277,84.5689166588,84.7014636725,0.039999961853
-21.8193746151,84.0550456539,85.2108726831,0.0390000343323
-21.8391141102,83.4256747546,85.7166625271,0.0410001277924
-21.8608438419,82.7610901736,86.2421928736,0.0389997959137
-21.4988203751,82.0241983607,87.0196428518,0.0410001277924
-21.359840333,81.2779738998,87.7455804561,0.0390000343323
-20.869699048,80.4978823305,88.6174052059,0.0409998893738
-20.4184817928,79.8982191338,89.4282223699,0.0390000343323
-19.860963465,79.3662355055,90.2510647466,0.0420000553131
-19.8199731556,78.8281699844,90.8876260975,0.0380001068115
-20.1284754567,78.3558045932,91.3469403046,0.0389997959137
-19.91680915,77.8700672954,91.9049731727,0.0410001277924
-19.758504148,77.0691612027,92.3637143199,0.0390000343323
-19.5979526461,75.9326940932,92.5584059059,0.0410001277924
-18.9416584709,74.3418629328,92.7365730627,0.0390000343323
-17.2979685339,72.5583149603,93.050341565,0.0409998893738
-16.81642807,70.9208111998,93.1037410043,0.0390000343323
-16.5694705434,69.6371969714,93.0588820915,0.0409998893738
-16.5751263425,68.3994983478,92.9053675401,0.0390000343323
-15.4956719279,67.03141316,92.9517005519,0.0389997959137
-6.18062685128,65.7397178377,94.2927609897,0.0420000553131
-4.50451526937,64.3053243783,94.3022752118,0.0380001068115
-3.50817091841,63.0041531898,94.1793340199,0.0410001277924
-2.59667483169,61.9021273141,94.1356821894,0.0390000343323
-0.535564469221,60.7653590587,94.1519262956,0.0420000553131
0.753462763962,59.6589904981,94.1771455081,0.0380001068115
2.00312080661,58.5187421606,94.1447513219,0.0369999408722
3.15091747546,57.4052090794,94.0687794387,0.0410001277924
4.15268571948,56.5170585354,93.9742204236,0.0389997959137
4.92648358401,55.8604566677,93.8507001068,0.0420000553131
5.71124199599,55.2255557241,93.8286100447,0.0379998683929
7.40483416096,54.5539963071,93.6763309916,0.0420000553131
9.06683498026,53.9842370096,93.4048506825,0.0390000343323
10.7524836836,53.799006284,93.1575214293,0.0379998683929
11.6531219687,53.7641809228,92.9950527203,0.0410001277924
12.7881828205,53.8815974244,92.7555127154,0.0390000343323
13.7951642949,54.2939542885,92.5777975779,0.0410001277924
15.4464328423,54.7930405235,92.2168174427,0.0369999408722
16.8515953464,55.4504448825,91.9032886508,0.0410001277924
18.2142826025,56.0258321976,91.5937379631,0.0379998683929
19.2989052388,56.7866272423,91.338739878,0.0390000343323
19.8242299777,57.4057175201,91.2067738494,0.0419998168945
20.9358671723,58.1281113079,90.9220342164,0.0400002002716
21.5467391899,58.9040122247,90.7818168263,0.0400002002716
21.822648135,59.7130862987,90.7919530724,0.0389997959137
23.2077771364,60.6645080134,90.4225718802,0.0420000553131
23.9885254437,61.6050192514,90.2324510798,0.0379998683929
24.4138568813,62.5040582965,90.2179663185,0.0390000343323
25.1252222019,63.3560356717,89.991944101,0.0409998893738
25.7256981766,64.1915060382,89.9884030607,0.0379998683929
25.8748990295,64.7314981872,90.0782938209,0.0420000553131
26.1968564092,65.0797080297,90.0736086725,0.0379998683929
26.9381837172,65.426048714,89.8963097872,0.0420000553131
27.2858019018,65.701084119,89.9165023837,0.0379998683929
27.4998428911,65.8550334319,89.9817202063,0.0380001068115
27.777823503,66.0031986976,90.0764900007,0.0409998893738
28.2119825525,66.1994660865,90.0989691301,0.0390000343323
18.6989471274,66.5256499057,93.7599304119,0.0409998893738
19.2236667649,67.0043700105,94.0505281685,0.0390000343323
19.8224880568,67.4951356711,94.5309319458,0.0380001068115
20.6822944018,68.0702459298,94.993868491,0.0409998893738
20.8120464119,68.7355325742,95.5134332849,0.0390000343323
20.9673092399,69.3237966186,96.005402854,0.039999961853
21.2481675528,70.0141393331,96.5660763445,0.0380001068115
21.5708869126,70.61302683,97.0744776017,0.0409998893738
21.8306181961,71.0787592103,97.608425735,0.0390000343323
22.1514786639,71.5957525044,98.0904080407,0.0390000343323
22.4190491696,72.0664973182,98.5825437129,0.0410001277924
22.5220656944,72.3940081128,99.0543166042,0.0390000343323
23.1394109058,72.7856142641,99.5523790456,0.0409998893738
23.3197577874,73.2046238026,100.032153131,0.0390000343323
23.7399703899,73.5363678166,100.319050367,0.0409998893738
23.8453724006,73.9133587105,100.823308854,0.0380001068115
23.700846913,74.2170103018,101.343492452,0.0389997959137
23.8563230894,74.3760336878,101.614688954,0.0420000553131
24.6903619044,74.6269027412,101.84522288,0.0390000343323
25.061868528,75.0223041703,102.379931215,0.0420000553131
25.9883473437,75.5357944419,102.888103505,0.0390000343323
27.4644145847,76.2634004187,103.002811425,0.0390000343323
28.5983792806,77.0710092338,103.125330314,0.0410001277924
30.1645809279,77.7709090156,103.019369856,0.0390000343323
31.3441316134,78.5482976217,102.977919471,0.0420000553131
32.7767665471,79.126729315,102.909594199,0.0379998683929
34.1383269685,79.4384460294,102.924428353,0.0420000553131
35.9760166998,79.6808361364,102.875079152,0.0390000343323
37.887268384,79.6002859936,102.821571746,0.0390000343323
39.5941212264,79.4607235128,102.925295332,0.0409998893738
41.9500137156,78.8450896672,102.904984951,0.0369999408722
44.2881732667,77.9589609646,102.901886071,0.0410001277924
46.9755549748,76.6431622602,102.741774909,0.0389997959137
49.2805447638,74.9041768024,102.547791488,0.0380001068115
51.0072830231,73.3545165486,102.643908665,0.0409998893738
52.2161314233,71.8435804596,102.811503617,0.0390000343323
53.6567862216,70.4974763595,102.579666077,0.0409998893738
55.0029409837,69.1750223954,102.511670568,0.0380001068115
56.5696857312,67.5594503558,102.284621315,0.0419998168945
66.0291860177,65.9287112445,94.854712987,0.0380001068115
67.4748328031,64.4213674935,94.6003229349,0.0380001068115
68.607461105,62.9507049788,94.2728246506,0.039999961853
69.8941431845,61.356137828,94.1883905449,0.0390000343323
70.899116076,60.0309050496,94.2395876897,0.0409998893738
71.7846545377,58.7117745756,94.2370515681,0.0390000343323
72.8229912638,57.7044010127,94.1501192479,0.0389997959137
73.3771087134,57.0363314817,94.2611139601,0.0410001277924
74.1898902201,56.2428043261,94.5157871352,0.0379998683929
74.9630727045,55.5959792023,94.365431993,0.0420000553131
75.543124773,55.1893663204,94.5065308175,0.0379998683929
76.1245937631,54.6731962027,94.6136723134,0.0379998683929
76.6487203463,54.2854517051,94.6138206427,0.0410001277924
76.50665236,53.9365633431,95.0078232462,0.0389997959137
76.7486089384,53.9715075856,94.8514133897,0.0410001277924
77.2665092101,54.2919786436,94.1930546938,0.0379998683929
77.6840207001,54.3621892171,93.9004990475,0.0390000343323
77.5879172153,54.3700628731,94.233223471,0.0409998893738
77.6429031877,54.5065642767,94.1490976552,0.0380001068115
78.0017639336,54.3931685663,94.0314914909,0.0420000553131
78.6336323769,54.4400741255,93.9477669441,0.0380001068115
79.0687041186,54.4252506552,93.8845166536,0.0420000553131
79.2153330534,54.2638949471,93.9698305139,0.0379998683929
79.3433064949,54.1858116027,93.9908371821,0.0390000343323
79.2098244758,54.0313062604,94.2036755737,0.0409998893738
79.3518363867,54.000013184,94.1652889976,0.0390000343323
79.4363789703,54.2214798474,94.1593781198,0.0409998893738
79.2299525918,54.1081915873,94.5865476497,0.0380001068115
79.6124858942,54.357473352,94.1377273619,0.0420000553131
79.6800474565,54.224801604,94.2186932726,0.0380001068115
79.521524102,54.0747594136,94.4702468155,0.0390000343323
79.987016492,54.2872162191,94.2918027451,0.0409998893738
80.6334477775,54.5217129599,93.9967766697,0.0390000343323
81.0878168889,54.7253360038,93.8182979778,0.0409998893738
81.5537910334,55.092511329,93.3646716367,0.0390000343323
81.5477711684,55.4298283141,93.1988020604,0.0409998893738
81.9831137576,55.9526423358,92.476424643,0.0369999408722
82.5270695819,56.494456928,91.4011857496,0.0390000343323
83.0439081275,56.9721969217,90.4434063962,0.0409998893738
83.8425428661,57.6029427936,89.2173197114,0.0390000343323
84.5456549662,58.0387747262,88.1435174496,0.0420000553131
85.0140574965,58.5420193876,87.1327593871,0.0380001068115
85.5308723666,58.9019789733,86.1883608194,0.0409998893738
85.7960288959,59.2080113495,85.4492461812,0.0380001068115
86.1556367506,59.3807606444,84.5891280714,0.0390000343323
86.6521734587,59.6225985054,83.3320742714,0.0410001277924
86.9137635383,59.6856395613,82.6823831003,0.0379998683929
87.4038338886,59.8683491041,81.5206955191,0.039999961853
87.6805707389,60.0147595126,80.7937112401,0.0390000343323
84.1956616597,59.9867672,86.5817316807,0.0420000553131
85.8703546791,59.809335602,84.0087005397,0.0390000343323
86.5970520277,59.5924674037,82.8956327853,0.0389997959137
87.2100808108,59.5777758779,81.8414483028,0.0410001277924
87.6437571446,59.8867285957,81.0084500408,0.0390000343323
87.64768617,60.065260228,80.6124361315,0.0409998893738
88.0272109201,60.5174037827,79.6595274478,0.0379998683929
88.5359358987,60.9911147986,78.8730758448,0.0410001277924
89.0012996113,61.6782995185,77.7784447311,0.0390000343323
89.4558975108,62.3303709373,76.5484227862,0.0389997959137
89.7811632896,62.7080117358,75.8450921737,0.0410001277924
90.0263509004,63.0579855819,75.0988734234,0.0379998683929
90.2052053247,63.2420206196,74.7963595095,0.0410001277924
90.3434603038,63.1976399247,74.6890489019,0.0379998683929
90.4910393726,63.3249976344,74.6303643572,0.0390000343323
90.60286125,63.5561230472,75.0778860571,0.0409998893738
90.8850289413,63.8481563994,74.9420500215,0.0390000343323
90.8410149626,64.2031093367,75.3699578474,0.0420000553131
91.0055446344,64.480857321,75.6299634589,0.0379998683929
86.392644159,64.9594909167,85.0414760762,0.0420000553131
87.1015558458,65.9074975348,85.2989859955,0.0379998683929
88.0948196894,66.7836387477,85.0373324822,0.0390000343323
89.4800447007,67.7723737981,84.3521752474,0.0409998893738
90.5544632877,68.8917108129,84.1008374247,0.0369999408722
92.0398829007,70.3059329645,83.71247406,0.0420000553131
93.1110502976,71.4780959388,83.801242915,0.0380001068115
95.2179114506,70.0838777741,78.7189860319,0.0390000343323
96.4641476873,70.9631446647,78.3755549222,0.0409998893738
97.6296138373,71.37977327,77.3086519191,0.0390000343323
98.8981761094,72.4395637831,77.3367749688,0.0419998168945
100.085284574,73.2829566187,76.6617601133,0.0380001068115
101.350255111,74.3048583394,76.9438510795,0.0390000343323
102.381278126,75.143430742,76.7544730716,0.0410001277924
103.623753249,76.1224693013,76.4386778688,0.0390000343323
104.909017388,76.6944273423,75.9402276021,0.039999961853
106.064278704,77.5040838391,75.7469688626,0.0389997959137
107.222284723,78.2572857887,75.4206732844,0.0390000343323
108.225830653,78.6253695206,74.6356232823,0.0410001277924
109.237421126,79.1795219975,74.4818980819,0.0389997959137
110.247158673,80.0896105599,74.6922545674,0.0410001277924
111.449206105,81.2183869392,75.3257848214,0.0379998683929
112.553442899,81.9633576626,75.2027162662,0.0390000343323
113.514777135,82.8125651827,75.4622334639,0.0409998893738
114.350008261,83.7890461661,76.1292912728,0.0379998683929
115.288104888,84.5384463826,75.9740596692,0.0420000553131
116.241523195,85.6628313409,76.3711641353,0.0380001068115
116.967875427,86.1001712915,75.6476984468,0.0420000553131
119.631252246,91.1807057887,81.9931718171,0.0390000343323
120.345529205,92.1906468125,82.0615402104,0.0390000343323
120.633169922,92.7420759154,81.8356989237,0.0419998168945
120.966656386,93.4573212943,81.9314212789,0.0380001068115
119.770862484,91.1127896554,77.7884122311,0.0419998168945
119.744247814,91.5264773593,77.1444072954,0.0380001068115
119.712007318,92.5448406839,76.643084648,0.0390000343323
119.348701078,93.3812211857,75.4256072373,0.0409998893738
118.893404166,94.0631649976,74.2646983615,0.0390000343323
118.693930848,94.9497773678,73.8069279789,0.0409998893738
118.415498786,95.8272077024,73.2073046017,0.0390000343323
118.083005831,96.0959794596,72.2591411984,0.0409998893738
117.943666252,96.462668607,71.7069620093,0.0390000343323
117.608331242,96.7527514264,70.858002512,0.0379998683929
117.274749508,97.3834099806,70.4388491142,0.0420000553131
116.770539545,97.9382628983,69.5581482307,0.0379998683929
116.098470017,98.8028395382,68.7757714677,0.0420000553131
115.467092135,99.348260715,67.9961899442,0.0390000343323
115.01256561,100.037638929,67.6653157236,0.0420000553131
114.553625118,100.612465187,67.4111963862,0.0390000343323
114.013553325,100.990957741,67.1193998413,0.0389997959137
113.477577944,101.251249278,66.7871123645,0.0410001277924
112.816905109,101.746805391,66.5715592137,0.0379998683929
112.1862073,102.193811856,66.1912386436,0.0420000553131
111.757012213,102.521429392,65.9527177626,0.0389997959137
111.472653525,102.615139129,65.7187767175,0.0410001277924
111.32927063,102.902795282,65.9196561615,0.0390000343323
111.050572326,103.348965828,66.1850578647,0.0380001068115
110.471140644,104.213366901,66.718466082,0.0420000553131
109.914105411,105.09014576,67.3392574682,0.0379998683929
108.954723109,106.551290116,68.2143329978,0.0420000553131
107.78281796,107.397465311,68.3040061299,0.0379998683929
106.59527824,108.744642003,68.9700811939,0.0390000343323
105.109654087,109.878305735,69.2034156848,0.0409998893738
103.50982478,111.099449335,69.4760010294,0.0380001068115
101.728685015,112.556374513,69.9149443099,0.0420000553131
99.7567329285,114.509237014,70.7492385337,0.0389997959137
97.7615693666,116.29581681,71.3377558513,0.0410001277924
95.6867353074,118.080420378,71.7731098196,0.0390000343323
93.5947383851,120.08820159,72.385807858,0.0380001068115
91.5984015683,122.108060623,73.0928497451,0.0409998893738
89.7090452754,123.788000782,73.4408540292,0.0390000343323
88.0221470106,125.589411228,73.9851083554,0.0410001277924
86.3186447806,127.559107611,74.6441012645,0.0369999408722
84.7046969077,129.451262594,75.1300381708,0.0420000553131
83.2644283134,131.075031067,75.4230731174,0.0390000343323
81.9334817085,132.878975579,75.8869361874,0.0390000343323
80.8863566683,134.325039484,76.1650800242,0.0409998893738
80.1478864231,135.243651465,76.270450309,0.0370001792908
79.5004950837,136.132201063,76.3897783293,0.0419998168945
79.0044537892,136.85250342,76.4536508831,0.0390000343323
78.5140941693,137.647265992,76.5362227005,0.0379998683929
77.6509371708,139.178531573,76.9225069981,0.0420000553131
76.989353843,140.396049856,77.0048162221,0.0390000343323
76.5956203418,141.310176272,76.8922017425,0.0420000553131
75.9823794217,142.282305834,76.2551208977,0.0390000343323
75.1720444951,143.13521325,75.2657353727,0.0409998893738
74.3610335824,144.007107128,74.1883671376,0.0390000343323
73.8175090086,144.808881877,73.2048145097,0.0380001068115
73.2402045723,145.503006506,72.2505537873,0.0410001277924
72.8685891423,145.869076383,71.3191845177,0.0390000343323
72.4256278213,146.526861454,70.4887583842,0.0409998893738
72.201461869,146.980656637,69.8221076165,0.0380001068115
72.1459870166,147.088201999,69.305922482,0.0420000553131
72.0771810849,147.242694818,68.9636008605,0.0390000343323
72.140673973,147.12601336,68.5843167481,0.0389997959137
71.7978688253,147.354220929,68.3537311893,0.0420000553131
71.3666702584,147.499885989,68.0528601936,0.0379998683929
70.8408587201,147.810160888,67.6760904965,0.0420000553131
70.333424724,148.694548831,67.269212903,0.0389997959137
70.1540717266,149.137080827,66.6221012774,0.0410001277924
70.1450952321,149.324290589,66.1023263157,0.0390000343323
70.0697625337,149.553976227,65.8348710565,0.0380001068115
70.0545385768,149.616932213,65.6633955681,0.0420000553131
69.8642516152,150.00015643,65.6433427562,0.0389997959137
69.6708177904,150.320056034,65.6812597824,0.0420000553131
69.5312081291,150.539269234,65.7815526131,0.0390000343323
69.1801668842,151.236305662,66.006627586,0.0390000343323
68.5798966616,152.326254198,66.3282303443,0.0420000553131
67.4264761208,154.177240064,66.7138364643,0.0379998683929
66.0528230059,156.20957732,67.1335950922,0.0420000553131
64.4763888595,158.509587674,67.4985869981,0.0389997959137
63.0489575392,160.319076222,67.7781402364,0.0380001068115
61.7382820817,161.688215104,68.07787112,0.0409998893738
60.6879326738,162.331048057,68.3890575871,0.0380001068115
59.740846743,162.957630174,68.6213464542,0.0419998168945
58.8327279288,163.798839658,68.7149578429,0.0390000343323
57.8854458308,164.560673254,68.8060868255,0.0410001277924
57.007136637,165.257357303,68.8728008826,0.0380001068115
55.991417419,165.76232367,69.0574239682,0.0390000343323
54.1835071395,166.417275163,69.0763223425,0.0409998893738
52.1539387056,166.48787169,69.2237053206,0.0390000343323
49.3098788884,166.815875134,68.9737297735,0.0409998893738
46.7879603143,166.798713334,68.7640693329,0.0370001792908
44.1728990244,166.688981328,68.5209599001,0.0389997959137
41.7311676635,166.007806689,68.2768556055,0.0410001277924
39.2943510299,165.628320644,67.9445255387,0.0390000343323
39.5941826534,159.478949945,69.7134042069,0.0420000553131
37.7872404219,157.907822726,69.629466454,0.0379998683929
35.7449951286,156.859128711,69.3581962259,0.0409998893738
34.2851861425,154.710910904,69.39087217,0.0380001068115
33.1386950574,152.576260424,69.4809611374,0.0389997959137
32.203886127,150.642562716,69.548188302,0.0410001277924
31.1662864291,149.325976457,69.4696976785,0.0379998683929
30.5166569347,147.756157864,69.4968113357,0.039999961853
30.1324194174,146.159457594,69.4719542802,0.039999961853
29.4885988136,145.174445495,69.3785243551,0.0409998893738
29.1859959227,144.01869634,69.2707367617,0.0390000343323
28.8942099732,142.886794292,69.2070105102,0.0380001068115
28.7486896354,141.664432824,69.1516246406,0.0420000553131
28.7478950668,140.368977784,69.0571873955,0.0390000343323
28.6853597741,139.158472949,68.9943532215,0.0410001277924
28.6078544586,138.258109404,68.8933278173,0.0369999408722
28.7988547776,136.834589295,68.7903072464,0.0390000343323
28.9187859451,135.537012072,68.6840846294,0.0409998893738
29.0548240495,134.24946907,68.55998394,0.0380001068115
29.263187834,132.772248589,68.3933179923,0.0420000553131
29.244670906,131.929295484,68.2868643468,0.0390000343323
29.3549409855,130.68747026,68.1405506545,0.0420000553131
29.5045306187,129.220771993,67.971062483,0.0390000343323
29.5533213816,128.067330837,67.8283463724,0.0390000343323
29.5395210885,126.886036,67.6932765021,0.0409998893738
29.4831933453,125.624247745,67.5269700108,0.0380001068115
29.2212191073,124.540571033,67.4531588809,0.0419998168945
28.7033032933,123.575225508,67.4072381251,0.0390000343323
28.0449094376,122.513475301,67.4104192266,0.0390000343323
27.2272311576,121.634264429,67.3939618854,0.0409998893738
26.204872975,120.934010077,67.4266250689,0.0380001068115
25.1028202478,120.135736631,67.4418445692,0.0420000553131
23.994743303,119.535395242,67.4618254166,0.0360000133514
22.9600014658,119.018344518,67.4607841431,0.0419998168945
21.4911819207,118.716215608,67.6125715013,0.0390000343323
19.464204981,118.600244299,67.6927298826,0.0390000343323
17.1342781051,118.715719133,68.0543866888,0.0420000553131
14.6494428559,118.989281743,68.4053278482,0.0390000343323
12.3467263102,119.341272776,68.6650551214,0.0420000553131
10.2796841018,119.758384426,68.8794974324,0.0380001068115
8.39392302145,120.231444427,69.0653710644,0.0420000553131
6.71268224774,120.834727026,69.2315745405,0.0380001068115
5.03550648521,121.551673716,69.4046195322,0.0389997959137
3.16732196326,122.268171915,69.5969084623,0.039999961853
1.07049176177,123.534912614,69.8118930695,0.0390000343323
-0.544152502593,124.442998866,69.974700734,0.039999961853
-2.12600534164,125.593611395,70.1253670958,0.039999961853
-3.54031998738,126.690542002,70.2405938352,0.0379998683929
-4.88324483508,127.670505745,70.3500636203,0.0410001277924
-5.91409527858,128.53500417,70.4659315778,0.0390000343323
-6.92005660901,129.598364735,70.539038466,0.0420000553131
-7.85263365744,130.456756725,70.6521808992,0.0379998683929
-9.16152147172,131.533770541,70.7577625681,0.0410001277924
-10.5339049332,132.84393048,70.7607374796,0.0390000343323
-11.6981390264,134.072777027,70.9014081823,0.0390000343323
-13.1762464177,135.777099147,70.8467229192,0.0409998893738
-14.1417718823,136.930281873,70.9029266785,0.0380001068115
-14.8262725668,137.505125924,71.0012029149,0.0409998893738
-15.0982097444,137.947387083,71.0761454402,0.0379998683929
-15.3758225839,138.303532573,71.0689941719,0.0390000343323
-15.6159079295,138.514555519,71.0766336166,0.0409998893738
-16.0272619797,138.528325353,70.9888128741,0.0380001068115
-15.9952754442,138.850079267,71.0301541745,0.0409998893738
-16.0696402025,139.035910572,71.0320507271,0.0380001068115
-16.4388627116,139.247521319,70.8942023839,0.0409998893738
-16.4196509095,139.352778095,70.8245913842,0.0390000343323
-16.2718647501,139.593075411,70.7212719471,0.0409998893738
-15.9163928988,139.525746823,70.6900322797,0.0390000343323
-15.6585077767,139.223002673,70.7396810336,0.0390000343323
-15.3871737269,138.711849957,70.8938733082,0.0419998168945
-15.3395322731,138.184526747,71.0186342166,0.0380001068115
-15.2585295298,137.763763537,71.1363561163,0.0419998168945
-15.3618174425,138.018984572,71.0439953848,0.0390000343323
-15.3657204705,137.924614978,71.0704722966,0.0409998893738
-15.297624378,137.851192801,71.097098531,0.0390000343323
-15.3833062656,137.809337567,71.0664408895,0.0380001068115
-15.4823662957,137.657872764,71.0694940997,0.0410001277924
-15.4092918162,137.4920368,71.1254625853,0.0370001792908
-15.7312304284,137.989462524,70.8962531918,0.0419998168945
-15.9069509294,138.378374574,70.7207930652,0.0390000343323
-15.6457121385,138.321953793,70.799927463,0.0379998683929
-15.644650816,138.781876067,70.6758407996,0.0420000553131
-15.7562401105,139.108615401,70.5576322421,0.0379998683929
