-3.69061145133,74.3247402959,-21.4699024173,0.14996099472
-4.15884954932,74.3248515549,-21.2700312481,0.00630807876587
-5.12954707068,74.3308009988,-20.7088160594,0.0157170295715
-4.2439811141,74.317854484,-21.1700541123,0.0122418403625
-3.520489344,74.3548711475,-21.6794957527,0.00638580322266
-4.06098286744,74.3162511471,-21.1810388197,0.00610184669495
-4.9881691422,74.3118170317,-20.5863937883,0.0132730007172
-4.19827976385,74.3297596035,-21.1609724113,0.0108399391174
-4.33024862859,74.3375236965,-21.2117230234,0.00552892684937
-4.62142750583,74.3164503271,-20.8945885232,0.00560617446899
-5.07787135452,74.2884049175,-20.3356886557,0.00633502006531
-4.42844875444,74.346118211,-21.2384775593,0.012787103653
-4.77743758668,74.3273250777,-20.7960718511,0.00559401512146
-4.98890411521,74.3288600064,-20.6572320118,0.00563907623291
-4.29663866729,74.3064355263,-20.8773632985,0.00545692443848
-4.82863307499,74.2883774986,-20.5611117836,0.00539302825928
-4.71560640173,74.2794376914,-20.6045158807,0.00550079345703
-6.4126561899,75.5488460902,-25.8047526298,0.031270980835
-5.51355668245,74.2507184958,-19.6871553179,0.0224859714508
-4.94980936622,74.2983406857,-20.5525409854,0.0116260051727
-3.81991590084,74.3053891415,-21.2519063526,0.0160689353943
-4.29156057271,74.2956626999,-20.8060149799,0.00548601150513
-4.27625700456,74.3023451231,-20.8784485434,0.00462985038757
-3.96375392605,74.333228459,-21.2866278058,0.00544309616089
-4.63695542807,74.3051806108,-20.8260144433,0.00638198852539
-4.33681930216,74.3444109555,-21.2399685786,0.00552201271057
-5.10366417848,74.315762723,-20.5697303999,0.0157408714294
-4.29541028249,74.3200888314,-21.0921205445,0.0139911174774
-5.90994739076,74.2708516689,-19.4520806619,0.0163960456848
-6.94995917186,74.2451698221,-18.2307054044,0.0168731212616
-5.0697647728,74.2975087325,-20.4132694253,0.0207540988922
-4.37817085478,75.7095235761,-26.9376426735,0.0348830223083
-3.78163010569,74.2521807319,-20.8160731589,0.0106570720673
-4.82577171311,74.2475548346,-20.201705794,0.0144469738007
-4.83622369849,74.2497200317,-20.3041758415,0.0054349899292
-3.60693454505,74.2876008733,-21.1124412711,0.011519908905
-4.25305070173,74.242965482,-20.5388125803,0.00648188591003
-5.04782640926,74.2416014366,-19.9498785525,0.00619101524353
-5.55676952551,74.2761583222,-19.6976406155,0.00546789169312
-5.38913821377,74.2455686789,-19.8391680681,0.00543713569641
-5.26044338918,74.2061085753,-19.6433271226,0.0052502155304
-5.3897120903,74.2289246106,-19.6239435226,0.00549983978271
-4.68149812625,74.2085347253,-20.0669884172,0.00605010986328
-4.67218343965,74.2110797053,-20.1031797304,0.00471496582031
-4.25705411021,74.2634150231,-20.7455141373,0.00622296333313
-4.5889817758,74.2326952271,-20.3174626415,0.00548315048218
-3.80636634321,74.2648985068,-20.982985109,0.0117490291595
-4.81665793935,74.2528162643,-20.4713577052,0.00623607635498
-5.17149609328,74.2420907753,-20.1125217527,0.00589489936829
-1.36885416066,76.3356044349,-28.1225108563,0.0543529987335
-4.22683895654,74.2382152088,-20.7504176832,0.0345571041107
-4.75643926055,74.2155142455,-20.2739842741,0.0120449066162
-4.89753839096,74.2049040179,-19.955552009,0.0056140422821
-4.21663870546,74.2550682543,-20.8181992383,0.0127859115601
-4.460375615,74.2482095251,-20.655179849,0.00593185424805
-5.17294064665,74.267020696,-20.2307780195,0.00619101524353
-4.20380562392,74.2357751283,-20.7157106562,0.00622987747192
-4.32248048542,74.2268822869,-20.5461962877,0.00553297996521
-3.91221618797,74.2831174627,-21.2620619873,0.0110170841217
-5.61287048223,74.217340828,-19.7002578963,0.0170879364014
-3.6660261265,74.2437011026,-21.0526211965,0.01531291008
0.620467970153,81.1400001684,-32.5934048042,0.0904219150543
-3.44581019938,74.2634911388,-21.3808723594,0.0259959697723
-3.9971689943,74.2463272927,-20.9283559323,0.00537610054016
-3.55930211909,74.2882657093,-21.3759605126,0.00622487068176
-5.05458792569,74.2690095755,-20.4114879869,0.0151941776276
-3.91662851788,74.2627199769,-21.0196724314,0.00683903694153
-3.67727232987,74.2548707285,-21.170093193,0.00546598434448
-4.25997369184,74.268657447,-20.891283048,0.0054829120636
-3.58721727847,74.276936996,-21.3700772872,0.00638604164124
-4.26158098796,74.2714662009,-20.9828037959,0.0126519203186
-5.52533214293,74.2393147285,-19.8650282995,0.00800704956055
-5.97299499775,74.2172220754,-19.4254957089,0.00562787055969
-13.8734432852,88.4582688145,-38.1345704208,0.0907127857208
-5.85854550934,74.2408464332,-19.7036247719,0.0324258804321
-4.87283145942,74.3100788152,-20.9913238071,0.0147838592529
-4.51966152265,74.3096353705,-21.1231317777,0.0058069229126
-5.0880674605,74.2964684115,-20.81204198,0.00563883781433
-5.60004757829,74.3326581369,-20.6027820092,0.0054018497467
-4.98387237556,74.3028902685,-20.8538089288,0.00619888305664
-5.0125178646,74.3449938867,-21.0982013799,0.00555205345154
-17.1734463934,96.9411588944,-44.348839206,0.0903689861298
-5.36267330371,74.3627238266,-21.0459561794,0.0404140949249
-4.34278944334,74.2452570627,-20.8991728685,0.00616812705994
-3.45065572295,74.2669547341,-21.4672270251,0.0135140419006
-4.65933797384,74.2433935427,-20.6759290166,0.0127339363098
-4.33199449794,74.2152990284,-20.8263089835,0.00534701347351
-5.68354212449,74.1664147938,-19.4711063992,0.0183818340302
-5.02660839407,74.2086006278,-20.2869365007,0.00635313987732
-5.94725522754,74.184426042,-19.32481053,0.00688982009888
-6.18649514754,74.2083770939,-19.2231558714,0.00537085533142
-5.25774077236,74.2066133077,-20.022306913,0.0132620334625
-5.31570308414,74.1683621455,-19.6486805866,0.00557398796082
-6.04593812484,74.1687044477,-19.0096102531,0.0126819610596
-6.37081721997,74.1495904834,-18.4854674247,0.0055410861969
-6.83437041028,74.1239666995,-17.580022406,0.00617694854736
-6.48836383394,74.1374085358,-18.1972188477,0.00642204284668
-4.88309414973,74.1911514256,-19.9844458788,0.0200788974762
-4.65133767361,74.1901416348,-20.2710773625,0.00548601150513
-6.51329535415,74.1701790577,-18.542125202,0.019721031189
-5.93384183855,112.049378662,-56.0813368119,0.0904560089111
-5.45970358405,74.2027779216,-19.682831943,0.0594861507416
-5.66265719226,74.1665478197,-19.2643386579,0.00547313690186
-5.24240265659,74.2130260967,-19.9424580597,0.00615501403809
-6.36169242524,74.1480910806,-18.4582186448,0.0145518779755
-5.18372429479,74.1694441033,-19.7264173183,0.0178530216217
-5.3226730244,74.1709429475,-19.577406184,0.0056939125061
-6.02025639982,74.1699171307,-19.041862402,0.00610089302063
-5.5589629012,74.1877389467,-19.452672136,0.00551390647888
-3.64240271829,74.2076684788,-20.8225423131,0.0179150104523
-4.27828595038,74.1745270968,-20.4105952874,0.00537991523743
-6.58948011906,74.1534707658,-18.2296458413,0.0145699977875
-5.59405783894,74.2051708711,-19.5424375935,0.0168211460114
-5.68027302792,74.2075268418,-19.5628164267,0.00546503067017
-5.09607166545,74.1747584692,-19.7793545529,0.00587797164917
28.4863454267,114.418570019,-48.8675908972,0.0783228874207
-4.40854754494,74.1961107224,-20.4471328367,0.0464959144592
-4.18517335077,74.204014953,-20.5253174694,0.00559997558594
-3.58458820303,74.2082274511,-20.9054034437,0.00529098510742
-6.47870493841,74.1535647814,-18.2704477133,0.024894952774
-5.65750266704,74.1576087104,-19.12855835,0.0132400989532
-4.94683699121,74.1287301959,-19.6394752348,0.00612282752991
-5.56696667197,74.167553202,-19.4090700723,0.00556802749634
-5.30394376978,74.1312930625,-19.445287181,0.00548386573792
-4.90292804546,74.2029912271,-20.2375366113,0.0165810585022
-4.51377808413,74.201188496,-20.4320913766,0.00543594360352
-6.03375597821,74.1874366159,-19.2785186797,0.0131239891052
-4.90203265927,74.2159150333,-20.3730373491,0.0111088752747
-5.80672146909,74.1925079853,-19.3461595757,0.0132319927216
41.9350548953,120.886417325,-45.8034345733,0.055792093277
-3.89783017198,74.2691676082,-21.2237642316,0.0529549121857
-4.79717064935,74.2391715686,-20.598313051,0.00614404678345
-7.14763922304,74.1964057326,-17.9103309066,0.0228610038757
-3.65449787088,74.2355374606,-21.0935439259,0.0212669372559
-6.67179927148,74.2078460497,-18.6730658553,0.0250699520111
-5.36284941251,74.2131057861,-19.9592854969,0.00937485694885
-6.25248897224,74.167769762,-18.871992979,0.0124480724335
-5.04181745388,74.2522312372,-20.4586411813,0.0182659626007
-5.08155678911,74.2163914706,-20.1798345203,0.00546193122864
-5.35671316298,74.2191017246,-19.9934423386,0.00631713867188
-5.80540215573,74.2046714001,-19.5862116012,0.00536704063416
-6.61218640474,74.1591931153,-18.2867026973,0.0130960941315
-5.84141587052,74.2147157881,-19.4625908485,0.0131189823151
-7.91551468811,74.1458068086,-16.4502497127,0.0255560874939
-6.29627603628,74.1986732141,-19.0163070247,0.0207598209381
53.834167483,116.169179264,-25.1686709152,0.0454370975494
-5.19723741077,74.1685331575,-19.6483435207,0.0901589393616
-5.54852699666,74.1634625746,-19.2716665875,0.00575685501099
-5.94973412206,74.2000716945,-19.3445939293,0.00528192520142
-4.55326204114,74.208922022,-20.2951279138,0.0153889656067
-4.2447733212,74.2485785022,-20.9253305139,0.00598692893982
-4.91420299641,74.2348368818,-20.3723936692,0.00630688667297
-5.27877938766,74.281230663,-20.4360547162,0.00528907775879
-5.5535415673,74.1811034983,-19.5357874984,0.017333984375
-5.00509630356,74.2496533251,-20.4188583438,0.0142829418182
-4.69252543827,74.2381025529,-20.6182785288,0.00547504425049
-5.01204654308,74.2101999344,-20.1556435458,0.00549507141113
-4.47722951661,74.2609893258,-20.7366053215,0.00596189498901
-4.24924907432,74.2604001211,-20.935079117,0.00582790374756
-5.0433995044,74.2404502524,-20.3210054236,0.013356924057
-4.83232830019,74.2683098273,-20.6664226162,0.00548696517944
-4.35880378547,74.2635760542,-21.0267859273,0.00530409812927
-3.56993442081,74.2604757713,-21.3037393945,0.00612115859985
-3.88651984544,74.2329335205,-21.0607249059,0.00560212135315
63.6175581145,121.038020799,-0.00699712342099,0.034775018692
63.6176581145,121.038120799,-0.00689712342099,0.00469899177551
63.6177581145,121.038220799,-0.00679712342099,0.00451397895813
63.6178581145,121.038320799,-0.00669712342099,0.00453281402588
63.6179581145,121.038420799,-0.00659712342099,0.00475192070007
63.6180581145,121.038520799,-0.00649712342099,0.00441694259644
63.6181581145,121.038620799,-0.00639712342099,0.00490689277649
8.28706241008,74.130829574,-15.238980506,0.0898609161377
-6.50270545636,74.1917648153,-18.6890764726,0.0529639720917
-4.75839892914,74.17311145,-19.9724609822,0.0167350769043
-6.39943085228,74.1735954528,-18.5619491763,0.0168571472168
-5.55836957729,74.1973596432,-19.6707227274,0.0125780105591
-5.3340187419,74.205650308,-19.8841981466,0.0054018497467
-5.57024432638,74.2010035075,-19.6848580241,0.00579214096069
-5.08229535212,74.1671951137,-19.965720679,0.00591492652893
66.9287919357,124.632192162,0.0282105400958,0.0297408103943
-2.69109818715,74.218855253,-21.3762874018,0.090353012085
-5.1231484423,74.2236587444,-20.1036101515,0.0218880176544
-4.30857839553,74.2006379001,-20.5678615914,0.00621795654297
-4.08365600729,74.2014682972,-20.740839062,0.00535488128662
-4.91723120709,74.1861810631,-20.195247191,0.00612211227417
-4.35568192187,74.1475606797,-20.179001596,0.00566411018372
-3.628231672,74.1927236769,-20.9024630233,0.00746202468872
-5.80499362476,74.1788191254,-19.2997928953,0.0181729793549
-5.04894090596,74.1357274381,-19.5817175387,0.00653386116028
-3.86462498123,74.2209704254,-20.9502224031,0.0177910327911
-5.22236379933,74.1689305676,-19.6743924,0.0191860198975
-5.55386624927,74.1476598856,-19.2595775025,0.00545692443848
-5.86412563427,74.1275434366,-18.9487692137,0.00546789169312
-6.37906058265,74.1447947739,-18.3899389823,0.00627207756042
-5.24102018811,74.1903293663,-19.7248219979,0.0173819065094
68.3778144707,126.633709197,0.0396103578801,0.0240790843964
-0.989875537577,74.2322913935,21.7804582551,0.0902140140533
-4.9896891374,74.1727663768,19.892495517,0.0231308937073
-5.26384159456,74.2345011572,20.1193200895,0.00552892684937
-5.41259287505,74.1596538708,19.6107222766,0.00694108009338
-4.6081195615,74.1837900754,20.3566998742,0.0114588737488
-4.47668684998,74.1427874151,20.424972972,0.00521087646484
-5.52377963304,74.1230980964,19.4092266108,0.0115790367126
-5.16923127971,74.1605335871,20.1992866069,0.00610995292664
-4.78466836356,74.0986817622,20.033796363,0.00564312934875
-4.18385801053,74.0862980671,20.5173530335,0.00648808479309
-4.88735906163,73.9520465943,19.4824720728,0.0137219429016
-4.81796745385,73.9071217274,19.6745297527,0.00530910491943
-5.51241658444,73.8806202028,19.0423947725,0.00619101524353
-5.379355563,73.8916712189,19.4611904147,0.00569701194763
-4.67410632391,73.8891667209,20.0796873319,0.00619578361511
-5.40129367726,73.8312602817,19.4333257585,0.00669479370117
68.9108511205,126.809678581,-0.028573416532,0.0227348804474
-2.2560473589,73.8030956315,-21.2701049162,0.0907850265503
-4.74299505945,73.721596964,-19.6761287286,0.0223829746246
-6.18333146239,73.6382613397,-17.8599964361,0.0176820755005
-3.11735030616,73.6783614342,-20.479556239,0.0228061676025
-4.92912050558,73.6840685272,-19.410848113,0.0162780284882
-5.41935145917,73.6473292977,-18.8071638198,0.00624394416809
-5.06402588708,73.6640471682,-19.2036967418,0.00535106658936
-4.10057216743,73.6583315342,-19.7205798758,0.0061149597168
-3.67567414805,73.6863489662,-20.3192098454,0.00614786148071
-5.98762398893,73.6128355438,-17.9271194851,0.0187759399414
-4.11142771992,73.6369526738,-19.843141576,0.0178220272064
-3.49074087338,73.6275944503,-20.0917521807,0.0077109336853
-4.10546667717,73.6414274949,-19.8504529404,0.0103118419647
-4.65964612077,73.6197866177,-19.4345749836,0.00548386573792
-4.93420938595,73.6554762256,-19.3224147826,0.00556421279907
72.7476849823,123.902481215,-0.00557519539106,0.019140958786
-5.68854276624,73.3828453631,-17.8987214304,0.0908031463623
-5.39900080004,73.389608667,-18.512697705,0.00568199157715
-3.78442284621,73.195951441,-19.650786739,0.0153050422668
-5.1040199189,72.7192228903,-17.3783410574,0.00767803192139
-4.49147038118,72.0846907076,-16.5190259641,0.00820398330688
-3.63573546636,71.321312292,-14.926621668,0.00853610038757
-4.88705185279,70.7425166141,-8.52055759751,0.0380890369415
-4.37939059587,70.4278008188,-0.00209790188817,0.0307528972626
-4.37929059587,70.4279008188,-0.00199790188817,0.00450205802917
-4.37919059587,70.4280008188,-0.00189790188817,0.00475001335144
-0.571691372363,71.7786560333,-20.2581077102,0.0726239681244
0.670650007527,71.688906024,-21.0426477394,0.018385887146
-0.398670409457,71.4799380085,-21.1859690473,0.0249040126801
-0.20510773554,71.2763918851,-21.2654694291,0.0217480659485
1.49493390533,71.2614149368,-21.3222444622,0.00625205039978
3.35817721859,71.352511862,-21.168796151,0.0062620639801
1.62226225213,70.9816583159,-21.3791296421,0.00865316390991
1.93945448603,70.7888495089,-22.2618986664,0.0110929012299
2.97800103562,71.5098986022,-24.770143999,0.0214219093323
3.65832419917,72.1504781375,-25.2833963802,0.00848197937012
3.35842002779,72.5607044458,-25.9693334203,0.00779700279236
5.14249018379,72.8731017353,-25.8051233948,0.00813603401184
82.1489528002,108.072442589,0.0316041168013,0.019033908844
8.5996038365,72.7854955548,22.6332524912,0.0901379585266
3.83882477268,72.8992731742,26.1158291462,0.0203371047974
3.97350674145,72.8727889549,25.8899572999,0.0055148601532
3.63165161259,72.8932621608,26.1660683153,0.00533485412598
4.05193785544,72.8993913536,26.026224371,0.00563979148865
4.30815057589,72.8841802661,25.8478912503,0.00570797920227
3.65267464986,72.8687922991,26.0358640553,0.00535798072815
3.75478514993,72.8688763478,25.9276965781,0.00542593002319
4.17112583202,72.8833280117,25.94017838,0.00539493560791
3.93253037906,72.8982887234,26.0505913472,0.00551009178162
4.50419166979,72.8491075878,25.6236525618,0.00662016868591
4.32290705673,72.8334069753,25.7060153251,0.00541996955872
3.45668617314,72.8732122878,26.0470524033,0.00616097450256
3.31236147537,72.879512015,26.1485410172,0.00568890571594
86.5364842247,98.3464615714,0.0233363382949,0.0257411003113
5.19901824085,72.8718985273,25.4269123943,0.0903978347778
3.93544843583,72.9085925002,26.0941351041,0.0111129283905
3.34343008795,72.8764189418,26.1828770777,0.00558996200562
3.43547499442,72.8777666656,26.1434640298,0.00474405288696
3.28795074017,72.9354234228,26.3822705195,0.00545787811279
3.81886157806,72.912106068,26.1272291535,0.00557899475098
4.23085879683,72.9245550274,25.9902437962,0.00584602355957
3.91119199641,72.9426989017,26.1592297808,0.00537490844727
4.37290725093,72.8800150633,25.7338192093,0.00955104827881
3.86892838227,72.8734913854,26.2512961959,0.00729513168335
4.51153184137,72.7703239559,26.1418983465,0.00620484352112
4.43531975058,72.647983675,26.566543101,0.0060498714447
4.99898574068,72.5702554088,26.4105790176,0.00694799423218
5.82055732777,72.8639965031,26.743927838,0.0069899559021
5.16528740007,73.1969733362,28.0016035734,0.0135250091553
133.254526832,94.4055226986,-0.128593413358,0.0205569267273
9.89431876393,73.2984884917,25.1858597785,0.0904660224915
7.61669567071,73.6134471665,27.8819104128,0.0173070430756
7.69648924888,74.0549736004,28.3505706492,0.00715112686157
9.02026429262,74.1909546595,26.5094962324,0.0136699676514
8.71132878058,74.5035351321,25.6374071846,0.00705003738403
7.39734207638,74.8780164097,26.3395279925,0.00761389732361
8.23515889657,74.8588810649,27.0178797172,0.00617218017578
8.99956485944,74.3822622305,27.1977382357,0.00900793075562
10.2572329349,73.5439400309,25.792911597,0.00845909118652
9.94274918682,72.7238439297,26.1325596806,0.00754594802856
9.96544300292,71.7092585302,25.7532422508,0.00867295265198
9.89618755042,70.52971155,25.6255309672,0.00816607475281
10.5946322615,69.2760603386,23.2956548207,0.00936412811279
143.96315419,91.8407232726,-0.126150991236,0.0291159152985
11.3774688719,68.18987974,-19.4993679729,0.0832431316376
9.98662407881,67.4943642903,-18.5684912724,0.00775003433228
11.4813234557,67.1599837921,-0.000423582313812,0.0348010063171
10.6122396271,66.766194563,-0.000522763261363,0.0330171585083
8.20406313662,66.3426355007,-0.00352290322285,0.0392489433289
8.20416313662,66.3427355007,-0.00342290322285,0.00515198707581
8.20426313662,66.3428355007,-0.00332290322285,0.00458192825317
8.20436313662,66.3429355007,-0.00322290322285,0.00481986999512
8.20446313662,66.3430355007,-0.00312290322285,0.00480699539185
0.00780147244021,69.6555386756,-0.212278942474,0.0902938842773
0.0040600127815,69.6556515136,-0.0168452380984,0.0903370380402
0.0041600127815,69.6557515136,-0.0167452380984,0.00491499900818
0.0042600127815,69.6558515136,-0.0166452380984,0.00488901138306
0.0043600127815,69.6559515136,-0.0165452380984,0.00451898574829
0.0044600127815,69.6560515136,-0.0164452380984,0.00480508804321
0.00156226149087,69.2399532265,-0.235745800107,0.0573580265045
0.0107351171489,68.8022832394,-1.4292673132,0.090341091156
0.000677025760227,68.2755853454,-0.4019629622,0.0900690555573
0.000787839626145,67.7744437529,-0.162735734603,0.0899701118469
0.00182335103194,67.2844878759,0.608631839401,0.0901069641113
0.00133287345186,66.7911214809,0.450234192263,0.0899660587311
3.54885680838,66.2597393295,-0.00222407585904,0.0327961444855
11.7677751972,66.1500087069,-0.0109080100648,0.03160405159
16.2660227627,65.9177765623,17.165314466,0.0243439674377
17.1416431845,65.6501137681,29.1419658466,0.00920104980469
188.789898032,83.0748945945,41.7797839264,0.0901720523834
18.2189430937,65.0992369844,36.950979962,0.0491759777069
21.3993096239,64.0689040652,42.1030071742,0.00904297828674
21.8694898459,62.7352140087,49.9896659793,0.010036945343
23.3685633309,60.9342947769,57.0260963318,0.0100018978119
33.6811245567,54.6874130794,63.6432594818,0.011531829834
37.3527739914,51.9208502501,68.9092796823,0.0106880664825
39.4049926499,48.9347254177,75.0305563014,0.0105838775635
3.67646291865,46.1955510448,93.4059101125,0.0154769420624
0.395651754255,44.7138660254,97.7091672342,0.013384103775
173.389094696,72.8997046367,-0.0586801652456,0.0428640842438
173.389194676,72.8998046357,0.38398944424,0.00477004051208
-7.86043912659,46.2851049608,-102.718689973,0.0432329177856
-16.6182351495,48.7228821976,-103.359787389,0.0090069770813
-22.9476181015,51.576964734,-102.88283482,0.0090229511261
-30.3833565985,54.5095560685,-101.484541885,0.0090389251709
-47.0312213757,56.8611016438,-93.515676917,0.0138168334961
-57.0293873571,59.2852166669,-85.3028272704,0.0185089111328
-71.6089290473,61.252154706,-66.525417363,0.0288469791412
-82.9262472563,62.562822101,0.00929717285119,0.0553419589996
-83.2583153023,63.9152749707,-0.00882450700896,0.0336129665375
-83.4618402876,64.9729082572,-0.0448640484334,0.0308010578156
-83.4617402876,64.9730082572,-0.0447640484334,0.00472784042358
-83.7040699808,66.0803163651,0.0499638461861,0.031112909317
-83.7039699808,66.0804163651,0.0500638461861,0.00468778610229
-83.9828628807,67.1009635374,-0.0114278738193,0.0360400676727
-84.1249584558,67.5457191826,-0.014462823068,0.0329220294952
-84.1248584558,67.5458191826,-0.014362823068,0.00446796417236
-84.3138085857,68.4081311289,0.0219580555433,0.0319929122925
-84.3137085857,68.4082311289,0.0220580555433,0.00466394424438
-84.3136085857,68.4083311289,0.0221580555433,0.00431799888611
-84.5881789744,68.9856280999,-0.0109042816829,0.049329996109
-84.5880789744,68.9857280999,-0.0108042816829,0.00458598136902
-84.5879789744,68.9858280999,-0.0107042816829,0.00462484359741
-84.5878789744,68.9859280999,-0.0106042816829,0.00449895858765
-84.5877789744,68.9860280999,-0.0105042816829,0.00460386276245
-84.5876789744,68.9861280999,-0.0104042816829,0.00463104248047
178.343208278,41.4343052364,0.120147573731,0.0495510101318
-81.9258982244,69.9877829821,-43.753215388,0.0902948379517
-84.4705098463,69.9686097231,-0.0113057775675,0.0580539703369
-84.5831979785,69.9955454584,-0.0182761445675,0.0383570194244
-84.5830979785,69.9956454584,-0.0181761445675,0.00469899177551
-84.603687881,69.9891540747,0.0507434719255,0.029522895813
-84.603587881,69.9892540747,0.0508434719255,0.00456500053406
-84.603487881,69.9893540747,0.0509434719255,0.00467085838318
-84.603387881,69.9894540747,0.0510434719255,0.0045759677887
-84.603287881,69.9895540747,0.0511434719255,0.00466513633728
-84.603187881,69.9896540747,0.0512434719255,0.00453805923462
-84.603087881,69.9897540747,0.0513434719255,0.00454688072205
-84.602987881,69.9898540747,0.0514434719255,0.00502705574036
177.540464238,38.8967873081,0.0951832916923,0.0758910179138
-81.6119591263,70.4384987816,-45.0905547322,0.090833902359
-84.3242055949,70.3942910633,0.0219355359578,0.0653660297394
-84.4358303029,70.2086299661,0.0988693985953,0.0357060432434
-84.5393820085,70.125581079,-0.0481562808917,0.0415680408478
-84.5392820085,70.125681079,-0.0480562808917,0.00466084480286
-84.5391820085,70.125781079,-0.0479562808917,0.00466585159302
-84.5390820085,70.125881079,-0.0478562808917,0.00460290908813
-84.5389820085,70.125981079,-0.0477562808917,0.00472497940063
-84.5388820085,70.126081079,-0.0476562808917,0.00455498695374
-84.5387820085,70.126181079,-0.0475562808917,0.00467491149902
-84.5386820085,70.126281079,-0.0474562808917,0.00449299812317
-84.5666757539,70.005583232,-0.0346686905506,0.0396580696106
-84.5665757539,70.005683232,-0.0345686905506,0.00455808639526
-84.5664757539,70.005783232,-0.0344686905506,0.00483989715576
-84.5663757539,70.005883232,-0.0343686905506,0.00475001335144
-84.5662757539,70.005983232,-0.0342686905506,0.00463199615479
-84.5661757539,70.006083232,-0.0341686905506,0.0044310092926
-84.5660757539,70.006183232,-0.0340686905506,0.00466108322144
-84.5659757539,70.006283232,-0.0339686905506,0.00464391708374
-84.5658757539,70.006383232,-0.0338686905506,0.00471806526184
-84.5657757539,70.006483232,-0.0337686905506,0.00468611717224
-84.5656757539,70.006583232,-0.0336686905506,0.00467610359192
-84.5655757539,70.006683232,-0.0335686905506,0.00469303131104
-84.5654757539,70.006783232,-0.0334686905506,0.00478506088257
-84.5653757539,70.006883232,-0.0333686905506,0.00458312034607
-84.5652757539,70.006983232,-0.0332686905506,0.00470900535583
-84.5651757539,70.007083232,-0.0331686905506,0.00494694709778
-84.5650757539,70.007183232,-0.0330686905506,0.0047550201416
-84.5649757539,70.007283232,-0.0329686905506,0.00458192825317
-84.5648757539,70.007383232,-0.0328686905506,0.00464487075806
-84.5647757539,70.007483232,-0.0327686905506,0.00460505485535
-84.5646757539,70.007583232,-0.0326686905506,0.00466680526733
-84.5645757539,70.007683232,-0.0325686905506,0.00452995300293
-84.5644757539,70.007783232,-0.0324686905506,0.004723072052
-84.5643757539,70.007883232,-0.0323686905506,0.00477504730225
-84.5642757539,70.007983232,-0.0322686905506,0.00497698783875
-84.5641757539,70.008083232,-0.0321686905506,0.00464797019958
-84.5640757539,70.008183232,-0.0320686905506,0.00427103042603
-84.5897887946,70.0227493211,-0.0183752843702,0.0325059890747
-84.6747297679,69.9570161939,0.0895449050565,0.0343289375305
-84.6746297679,69.9571161939,0.0896449050565,0.00466918945312
-84.7362548102,70.0098346171,0.0056131533489,0.0362248420715
-84.694073962,69.900907144,0.071084904961,0.0289769172668
-84.693973962,69.901007144,0.071184904961,0.0047550201416
-84.693873962,69.901107144,0.071284904961,0.00496697425842
-84.693773962,69.901207144,0.071384904961,0.00484585762024
172.892400689,35.5713656182,-0.138165463884,0.0636370182037
-84.7367493606,69.7525505562,-0.0402859090426,0.048691034317
-84.786076401,69.8442418183,-0.0163340035797,0.0268130302429
-84.785976401,69.8443418183,-0.0162340035797,0.00461292266846
-84.785876401,69.8444418183,-0.0161340035797,0.00473618507385
-84.785776401,69.8445418183,-0.0160340035797,0.00456595420837
-84.785676401,69.8446418183,-0.0159340035797,0.00460505485535
-84.785576401,69.8447418183,-0.0158340035797,0.0046648979187
-84.785476401,69.8448418183,-0.0157340035797,0.00466299057007
-84.785376401,69.8449418183,-0.0156340035797,0.00470209121704
-84.785276401,69.8450418183,-0.0155340035797,0.00462102890015
-84.785176401,69.8451418183,-0.0154340035797,0.00453400611877
-84.785076401,69.8452418183,-0.0153340035797,0.00474214553833
-84.784976401,69.8453418183,-0.0152340035797,0.00483798980713
-84.784876401,69.8454418183,-0.0151340035797,0.00475287437439
-84.784776401,69.8455418183,-0.0150340035797,0.00462198257446
-84.784676401,69.8456418183,-0.0149340035797,0.00468993186951
-84.784576401,69.8457418183,-0.0148340035797,0.00449895858765
-84.784476401,69.8458418183,-0.0147340035797,0.00484609603882
-84.784376401,69.8459418183,-0.0146340035797,0.0047299861908
-84.784276401,69.8460418183,-0.0145340035797,0.00459098815918
-84.784176401,69.8461418183,-0.0144340035797,0.00449299812317
-84.784076401,69.8462418183,-0.0143340035797,0.00474405288696
-84.783976401,69.8463418183,-0.0142340035797,0.00499606132507
-84.783876401,69.8464418183,-0.0141340035797,0.00462293624878
-84.783776401,69.8465418183,-0.0140340035797,0.00454306602478
-84.783676401,69.8466418183,-0.0139340035797,0.00476789474487
-84.783576401,69.8467418183,-0.0138340035797,0.00450992584229
-84.783476401,69.8468418183,-0.0137340035797,0.0044949054718
-84.783376401,69.8469418183,-0.0136340035797,0.00481605529785
-84.783276401,69.8470418183,-0.0135340035797,0.0047869682312
-84.783176401,69.8471418183,-0.0134340035797,0.00463485717773
-84.783076401,69.8472418183,-0.0133340035797,0.00454616546631
-84.782976401,69.8473418183,-0.0132340035797,0.00474286079407
-84.782876401,69.8474418183,-0.0131340035797,0.00495290756226
-84.782776401,69.8475418183,-0.0130340035797,0.00470209121704
-84.782676401,69.8476418183,-0.0129340035797,0.00455713272095
-84.782576401,69.8477418183,-0.0128340035797,0.00467300415039
-84.782476401,69.8478418183,-0.0127340035797,0.00465607643127
-84.782376401,69.8479418183,-0.0126340035797,0.00466704368591
-84.782276401,69.8480418183,-0.0125340035797,0.00454592704773
-84.782176401,69.8481418183,-0.0124340035797,0.00451683998108
-84.782076401,69.8482418183,-0.0123340035797,0.00458598136902
-84.781976401,69.8483418183,-0.0122340035797,0.00481796264648
-84.781876401,69.8484418183,-0.0121340035797,0.00481200218201
-84.781776401,69.8485418183,-0.0120340035797,0.00463795661926
-84.781676401,69.8486418183,-0.0119340035797,0.00458216667175
-84.781576401,69.8487418183,-0.0118340035797,0.00451588630676
-84.781476401,69.8488418183,-0.0117340035797,0.00461506843567
-84.781376401,69.8489418183,-0.0116340035797,0.00449109077454
-84.781276401,69.8490418183,-0.0115340035797,0.00464987754822
-84.781176401,69.8491418183,-0.0114340035797,0.0045280456543
-84.781076401,69.8492418183,-0.0113340035797,0.00482606887817
-84.780976401,69.8493418183,-0.0112340035797,0.00468301773071
-84.780876401,69.8494418183,-0.0111340035797,0.00480699539185
-84.780776401,69.8495418183,-0.0110340035797,0.00489616394043
-84.7806763885,69.8496418457,0.162527471203,0.00554609298706
-84.7805763513,69.849741931,0.0157438423344,0.00678610801697
-84.7804763513,69.849841931,0.0158438423344,0.00452899932861
-84.7803763513,69.849941931,0.0159438423344,0.00482797622681
-84.7802763513,69.850041931,0.0160438423344,0.00456500053406
-84.7801763513,69.850141931,0.0161438423344,0.00460195541382
-84.780076346,69.8502419434,0.345047301041,0.00465393066406
-84.7934886321,70.1753008027,-0.0799967146888,0.0324130058289
-84.7933886321,70.1754008027,-0.0798967146888,0.00479698181152
-84.7932886321,70.1755008027,-0.0797967146888,0.00459313392639
-84.7931886321,70.1756008027,-0.0796967146888,0.00452303886414
-84.7930886321,70.1757008027,-0.0795967146888,0.00469708442688
-84.7929886321,70.1758008027,-0.0794967146888,0.00464391708374
-84.7928886321,70.1759008027,-0.0793967146888,0.0047869682312
-84.7927886321,70.1760008027,-0.0792967146888,0.0047287940979
-84.7926886321,70.1761008027,-0.0791967146888,0.00466299057007
-84.7684263552,69.9637585861,0.0461457705377,0.0255839824677
-84.7683263552,69.9638585861,0.0462457705377,0.00451707839966
-84.7682263552,69.9639585861,0.0463457705377,0.00488901138306
-84.7681263552,69.9640585861,0.0464457705377,0.00499105453491
-84.7680263552,69.9641585861,0.0465457705377,0.00468611717224
-84.7679263552,69.9642585861,0.0466457705377,0.0045440196991
-84.7678263552,69.9643585861,0.0467457705377,0.00475716590881
-84.7045428824,70.0419256347,0.10156620802,0.0370831489563
-84.6947715494,69.9493639379,-0.0312332350072,0.0266680717468
-84.6946715494,69.9494639379,-0.0311332350072,0.00480318069458
-84.6945715494,69.9495639379,-0.0310332350072,0.00465488433838
-84.6944715494,69.9496639379,-0.0309332350072,0.00476908683777
-84.6943715494,69.9497639379,-0.0308332350072,0.00488805770874
-84.6942715494,69.9498639379,-0.0307332350072,0.00477290153503
-84.6941715403,69.9499639439,-0.307209567464,0.00473690032959
-84.6721249788,69.9809042441,0.0297700382254,0.0428540706635
-84.5833522748,69.9296683418,0.0976607924189,0.00717902183533
-84.5832522748,69.9297683418,0.0977607924189,0.00461006164551
-84.7716908538,69.955861377,-0.00628225304851,0.0445320606232
-84.7715908538,69.955961377,-0.00618225304851,0.00479388237
-84.847329568,70.060148287,0.0523491255538,0.0359508991241
-84.847229568,70.060248287,0.0524491255538,0.00488185882568
-84.847129568,70.060348287,0.0525491255538,0.00469899177551
-84.847029568,70.060448287,0.0526491255538,0.00470900535583
-84.846929568,70.060548287,0.0527491255538,0.00465893745422
-84.846829568,70.060648287,0.0528491255538,0.00468420982361
-84.846729568,70.060748287,0.0529491255538,0.0046558380127
-84.846629568,70.060848287,0.0530491255538,0.00441098213196
-84.846529568,70.060948287,0.0531491255538,0.00463223457336
-84.846429568,70.061048287,0.0532491255538,0.00457787513733
-84.846329568,70.061148287,0.0533491255538,0.00465512275696
-84.846229568,70.061248287,0.0534491255538,0.00497698783875
-84.846129568,70.061348287,0.0535491255538,0.00467109680176
-84.846029568,70.061448287,0.0536491255538,0.00456309318542
-84.845929568,70.061548287,0.0537491255538,0.00481081008911
-84.845829568,70.061648287,0.0538491255538,0.00471520423889
157.341239101,31.8916557045,-0.0755597144598,0.0574040412903
-83.3375776138,70.0534353622,-36.7469092522,0.0905909538269
-84.8002142315,70.1853681338,-0.0277960982932,0.0190460681915
-84.8001142315,70.1854681338,-0.0276960982932,0.00463199615479
-84.8000142315,70.1855681338,-0.0275960982932,0.00488495826721
-84.6943191244,69.816492591,0.0199556721493,0.0247569084167
-84.6942191244,69.816592591,0.0200556721493,0.00460004806519
-84.6941191244,69.816692591,0.0201556721493,0.00455403327942
-84.7284711496,70.181002374,0.0775031896319,0.0367510318756
-84.7283711496,70.181102374,0.0776031896319,0.00470113754272
-84.7282711496,70.181202374,0.0777031896319,0.00455689430237
-84.7281711496,70.181302374,0.0778031896319,0.00457501411438
-84.7280711496,70.181402374,0.0779031896319,0.00475001335144
-84.7279711496,70.181502374,0.0780031896319,0.00465798377991
-84.7278711496,70.181602374,0.0781031896319,0.004802942276
-84.7277711496,70.181702374,0.0782031896319,0.00480103492737
-84.7276711496,70.181802374,0.0783031896319,0.00458002090454
-84.7275711496,70.181902374,0.0784031896319,0.00464606285095
-84.7274711496,70.182002374,0.0785031896319,0.00461387634277
-84.7273711496,70.182102374,0.0786031896319,0.00463199615479
-84.7272711496,70.182202374,0.0787031896319,0.00469493865967
-84.7271711496,70.182302374,0.0788031896319,0.00460386276245
-84.8607877301,70.1560527806,-0.0522365109846,0.0379390716553
-84.8606877301,70.1561527806,-0.0521365109846,0.00473594665527
-84.8605877301,70.1562527806,-0.0520365109846,0.00472688674927
-84.8604877301,70.1563527806,-0.0519365109846,0.00483417510986
-84.8603877301,70.1564527806,-0.0518365109846,0.00454902648926
-84.8602877301,70.1565527806,-0.0517365109846,0.00474286079407
-84.9707497764,70.3072006015,-0.0141851614948,0.0406320095062
-84.9706497764,70.3073006015,-0.0140851614948,0.00463891029358
-84.9705497764,70.3074006015,-0.0139851614948,0.00466895103455
-84.9704497764,70.3075006015,-0.0138851614948,0.00464010238647
-84.9703497764,70.3076006015,-0.0137851614948,0.0048131942749
-84.9702497764,70.3077006015,-0.0136851614948,0.00456976890564
-84.9701497764,70.3078006015,-0.0135851614948,0.00468587875366
-84.9700497764,70.3079006015,-0.0134851614948,0.00450301170349
-84.9699497764,70.3080006015,-0.0133851614948,0.00476717948914
-84.9698497764,70.3081006015,-0.0132851614948,0.00456309318542
-84.9697497764,70.3082006015,-0.0131851614948,0.00455188751221
-84.9696497764,70.3083006015,-0.0130851614948,0.00472211837769
-84.9695497764,70.3084006015,-0.0129851614948,0.00466918945312
-84.9694497764,70.3085006015,-0.0128851614948,0.0046010017395
-84.9693497764,70.3086006015,-0.0127851614948,0.0050220489502
-84.9692497764,70.3087006015,-0.0126851614948,0.00461006164551
-84.7973472604,70.508951007,-0.00247737030583,0.0144460201263
-84.8410016748,70.3448571749,0.0400094432187,0.0301389694214
-84.9827368785,70.2660943251,0.00841262499725,0.0386700630188
-85.0710729964,70.3905794932,-0.0232572526476,0.0346820354462
-85.0709729964,70.3906794932,-0.0231572526476,0.00458884239197
-85.0708729964,70.3907794932,-0.0230572526476,0.00461602210999
-85.0707729964,70.3908794932,-0.0229572526476,0.00473093986511
145.4721878,24.4537014757,0.0291667012852,0.0331239700317
-85.26739175,70.6228636668,0.0285819376012,0.0586218833923
-85.26729175,70.6229636668,0.0286819376012,0.0046169757843
-85.26719175,70.6230636668,0.0287819376012,0.00457096099854
-85.26709175,70.6231636668,0.0288819376012,0.00442290306091
-85.26699175,70.6232636668,0.0289819376012,0.00500106811523
-85.26689175,70.6233636668,0.0290819376012,0.00458002090454
-85.26679175,70.6234636668,0.0291819376012,0.00466108322144
-85.26669175,70.6235636668,0.0292819376012,0.00474500656128
-85.26659175,70.6236636668,0.0293819376012,0.00467610359192
-85.26649175,70.6237636668,0.0294819376012,0.00454616546631
-85.26639175,70.6238636668,0.0295819376012,0.00450587272644
-85.26629175,70.6239636668,0.0296819376012,0.00489187240601
-85.0315996891,69.9182256111,-0.0393859932413,0.0359318256378
-84.8508749309,70.0238220977,0.0246590402742,0.0112128257751
-84.8507749309,70.0239220977,0.0247590402742,0.00469183921814
-84.8506749309,70.0240220977,0.0248590402742,0.00466418266296
-84.8505749309,70.0241220977,0.0249590402742,0.00445103645325
-84.8504749309,70.0242220977,0.0250590402742,0.0048508644104
-84.8503749309,70.0243220977,0.0251590402742,0.0045759677887
-84.8876701845,70.0506233996,-0.0448838050809,0.0264282226562
-84.8875701845,70.0507233996,-0.0447838050809,0.00475597381592
-84.8874701845,70.0508233996,-0.0446838050809,0.00458598136902
-84.8873701845,70.0509233996,-0.0445838050809,0.00450491905212
-84.8872701845,70.0510233996,-0.0444838050809,0.00488901138306
-84.8871701845,70.0511233996,-0.0443838050809,0.00454592704773
-84.8870701845,70.0512233996,-0.0442838050809,0.00469493865967
-84.8869701845,70.0513233996,-0.0441838050809,0.00450611114502
-85.0830326774,70.1370871444,-0.0423315095373,0.032613992691
-85.0829326774,70.1371871444,-0.0422315095373,0.00493311882019
-85.0828326774,70.1372871444,-0.0421315095373,0.00477194786072
-85.0827326774,70.1373871444,-0.0420315095373,0.00447201728821
-85.0826326774,70.1374871444,-0.0419315095373,0.00465297698975
-85.0825326774,70.1375871444,-0.0418315095373,0.00452709197998
-85.0824326774,70.1376871444,-0.0417315095373,0.00477600097656
134.8965613,15.7883114338,0.0707311363054,0.0288650989532
-84.4514676822,69.9206574664,-24.4958589185,0.0902719497681
-84.8554977386,70.2516172899,0.0696356027647,0.0172309875488
-84.7755086761,70.0722474059,-0.0346316144342,0.0323400497437
-84.7754086761,70.0723474059,-0.0345316144342,0.00477695465088
-84.7753086761,70.0724474059,-0.0344316144342,0.00467896461487
-84.7752086761,70.0725474059,-0.0343316144342,0.00463199615479
-84.7751086761,70.0726474059,-0.0342316144342,0.00469493865967
-84.7750086761,70.0727474059,-0.0341316144342,0.00450587272644
-84.7749086761,70.0728474059,-0.0340316144342,0.00474405288696
-84.7748086761,70.0729474059,-0.0339316144342,0.00456285476685
-84.7747086761,70.0730474059,-0.0338316144342,0.00464606285095
-84.7746086761,70.0731474059,-0.0337316144342,0.00458908081055
-84.8029729267,69.8743673149,-0.0609893636685,0.0372910499573
-84.8028729267,69.8744673149,-0.0608893636685,0.00465607643127
-84.8027729267,69.8745673149,-0.0607893636685,0.00461292266846
-84.8026729267,69.8746673149,-0.0606893636685,0.00441312789917
-84.8025729267,69.8747673149,-0.0605893636685,0.00473594665527
-85.0383260797,70.2464746623,0.00634572425038,0.0460088253021
-85.0382260797,70.2465746623,0.00644572425038,0.00464701652527
-85.0339225444,70.1049319537,0.0210328647722,0.0298140048981
-85.0566240417,69.9511541332,-0.047276149703,0.02800989151
-85.0565240417,69.9512541332,-0.047176149703,0.00451183319092
-85.0564240417,69.9513541332,-0.047076149703,0.00467801094055
-85.0563240417,69.9514541332,-0.046976149703,0.00479817390442
-85.0562240417,69.9515541332,-0.046876149703,0.00464415550232
-85.0561240417,69.9516541332,-0.046776149703,0.00448894500732
-85.0560240417,69.9517541332,-0.046676149703,0.00476813316345
-85.0559240417,69.9518541332,-0.046576149703,0.00461292266846
-85.0558240417,69.9519541332,-0.046476149703,0.00444412231445
-85.0557240417,69.9520541332,-0.046376149703,0.00468111038208
-85.0556240417,69.9521541332,-0.046276149703,0.0048451423645
-85.0555240417,69.9522541332,-0.046176149703,0.00492095947266
-85.0554240417,69.9523541332,-0.046076149703,0.00450706481934
-84.626156,70.4296409436,-0.0421589268475,0.0404260158539
-84.8881151142,70.8762956495,-0.0312445588475,0.030590057373
-84.9391832886,70.694124579,-0.0810355952199,0.0364530086517
-84.8969498942,70.3164562805,-0.0459913659298,0.0294919013977
124.567135857,7.87324195261,-0.0758621818007,0.0430340766907
124.567235857,7.87334195261,-0.0757621818007,0.00467991828918
124.567335857,7.87344195261,-0.0756621818007,0.00490403175354
124.567435857,7.87354195261,-0.0755621818007,0.00479984283447
124.567535857,7.87364195261,-0.0754621818007,0.0045120716095
124.567635857,7.87374195261,-0.0753621818007,0.00462698936462
124.567735857,7.87384195261,-0.0752621818007,0.00455904006958
-84.8768431851,70.4813740544,-0.0480239599658,0.0571789741516
-84.9056420963,70.4116072886,0.0758994716974,0.0331377983093
-85.0032737573,70.2189306942,-3.73120766814e-07,0.0334229469299
-84.8466942532,70.2880918482,-0.0827871354486,0.0375950336456
-85.0043820667,70.2743912979,-0.0828071150121,0.0399639606476
-85.0496125073,70.1255440783,0.0148590293532,0.037917137146
-85.0495125073,70.1256440783,0.0149590293532,0.00458002090454
-85.0494125073,70.1257440783,0.0150590293532,0.00454115867615
-85.0705353194,70.1148733845,-0.0397091715265,0.028088092804
-85.0704353194,70.1149733845,-0.0396091715265,0.00479102134705
-85.0703353194,70.1150733845,-0.0395091715265,0.00440001487732
-85.0702353194,70.1151733845,-0.0394091715265,0.00484895706177
-85.0701353194,70.1152733845,-0.0393091715265,0.00455808639526
-85.0700353194,70.1153733845,-0.0392091715265,0.00463795661926
-85.0699353194,70.1154733845,-0.0391091715265,0.00460505485535
-85.0698353194,70.1155733845,-0.0390091715265,0.0046980381012
-85.0697353194,70.1156733845,-0.0389091715265,0.0044949054718
-85.0696353194,70.1157733845,-0.0388091715265,0.00473403930664
-85.0695353194,70.1158733845,-0.0387091715265,0.00476789474487
-85.0694353194,70.1159733845,-0.0386091715265,0.00495505332947
-85.0693353194,70.1160733845,-0.0385091715265,0.00470900535583
-85.0692353194,70.1161733845,-0.0384091715265,0.00466990470886
-85.0691353194,70.1162733845,-0.0383091715265,0.00457191467285
-85.0690353194,70.1163733845,-0.0382091715265,0.00475406646729
-85.0689353194,70.1164733845,-0.0381091715265,0.00454592704773
-85.0688353194,70.1165733845,-0.0380091715265,0.00466108322144
-85.0687353194,70.1166733845,-0.0379091715265,0.00469398498535
-85.0686353194,70.1167733845,-0.0378091715265,0.00464487075806
-85.0685353194,70.1168733845,-0.0377091715265,0.00453114509583
-85.0684353194,70.1169733845,-0.0376091715265,0.00494909286499
-85.0683353194,70.1170733845,-0.0375091715265,0.00465512275696
-85.0682353194,70.1171733845,-0.0374091715265,0.0048840045929
-85.0681353194,70.1172733845,-0.0373091715265,0.00461292266846
-85.0680353194,70.1173733845,-0.0372091715265,0.00458097457886
-85.0679353194,70.1174733845,-0.0371091715265,0.00452089309692
-85.0678353194,70.1175733845,-0.0370091715265,0.00470590591431
-85.0677353194,70.1176733845,-0.0369091715265,0.00464797019958
-85.0676353194,70.1177733845,-0.0368091715265,0.00440907478333
-85.0675353194,70.1178733845,-0.0367091715265,0.00462889671326
-85.0674353194,70.1179733845,-0.0366091715265,0.00489711761475
-85.0673353194,70.1180733845,-0.0365091715265,0.00481104850769
-85.0672353194,70.1181733845,-0.0364091715265,0.00452494621277
-85.0671353194,70.1182733845,-0.0363091715265,0.00476884841919
-85.0670353194,70.1183733845,-0.0362091715265,0.00453305244446
-85.0669353194,70.1184733845,-0.0361091715265,0.00455212593079
-85.2045998721,70.3259015474,-0.038618467479,0.0391540527344
-85.2044998721,70.3260015474,-0.038518467479,0.00483202934265
-85.2043998721,70.3261015474,-0.038418467479,0.00462698936462
-85.2042998721,70.3262015474,-0.038318467479,0.00453305244446
-85.2041998721,70.3263015474,-0.038218467479,0.00442600250244
-85.2040998721,70.3264015474,-0.038118467479,0.00470590591431
-85.2039998721,70.3265015474,-0.038018467479,0.00450897216797
-85.2038998721,70.3266015474,-0.037918467479,0.0045862197876
-85.2037998721,70.3267015474,-0.037818467479,0.00470304489136
-85.2036998721,70.3268015474,-0.037718467479,0.00491499900818
-85.2035998721,70.3269015474,-0.037618467479,0.00449991226196
-85.2034998721,70.3270015474,-0.037518467479,0.00468492507935
-85.2033998721,70.3271015474,-0.037418467479,0.00476098060608
-85.2032998721,70.3272015474,-0.037318467479,0.00459599494934
-85.2031998721,70.3273015474,-0.037218467479,0.00462698936462
-85.2030998721,70.3274015474,-0.037118467479,0.00467014312744
-85.2029998721,70.3275015474,-0.037018467479,0.00458002090454
-85.2028998721,70.3276015474,-0.036918467479,0.00451993942261
-85.2027998721,70.3277015474,-0.036818467479,0.00478506088257
108.444943838,-3.62262198857,-5.89053303718,0.0903677940369
-82.946100523,70.3513174591,-41.6277124236,0.0907571315765
-85.3700530477,70.4311078526,0.00344199324927,0.0577929019928
-85.1498890289,70.2909839553,-0.0904377450614,0.0422329902649
-85.1497890289,70.2910839553,-0.0903377450614,0.00468707084656
-85.1496890268,70.2911839696,0.412848274039,0.00457715988159
-85.333596317,70.9815765664,-0.0750436261477,0.0372128486633
-85.333496317,70.9816765664,-0.0749436261477,0.00473809242249
-85.6445378328,71.0668735139,0.0831983374428,0.0319910049438
-86.252811407,72.0451050568,-0.00570337619252,0.0337560176849
-86.252711407,72.0452050568,-0.00560337619252,0.00469493865967
-83.4192192672,67.7073767308,0.0125131059219,0.0462510585785
-84.0756690034,68.7553003701,-0.0419349822124,0.0491530895233
-84.0755690034,68.7554003701,-0.0418349822124,0.00470995903015
-85.5325102385,71.0810403808,0.0397389656494,0.0622789859772
-85.5324102385,71.0811403808,0.0398389656494,0.00467610359192
-85.5323102385,71.0812403808,0.0399389656494,0.00481295585632
-85.5322102385,71.0813403808,0.0400389656494,0.00455904006958
-85.5616984687,70.7671422883,0.045696700012,0.0327279567719
-85.5047679522,70.581160751,-0.0719304162615,0.0273389816284
-85.5046679522,70.581260751,-0.0718304162615,0.00481700897217
-85.5045679522,70.581360751,-0.0717304162615,0.00461292266846
-85.9792843525,71.6265330093,-0.00863690318328,0.0535600185394
-86.0228099274,71.7658529896,0.0136119930046,0.0436480045319
-86.0227099274,71.7659529896,0.0137119930046,0.00487804412842
-86.0226099274,71.7660529896,0.0138119930046,0.0046501159668
-86.0225099274,71.7661529896,0.0139119930046,0.00472784042358
-84.1973027167,68.8393932411,-0.0135944887864,0.0550580024719
-84.1972027167,68.8394932411,-0.0134944887864,0.00467085838318
-84.1971027167,68.8395932411,-0.0133944887864,0.00454092025757
-84.1970027167,68.8396932411,-0.0132944887864,0.00455498695374
-84.1969027167,68.8397932411,-0.0131944887864,0.00469589233398
-84.1968027167,68.8398932411,-0.0130944887864,0.00448513031006
-85.5400239514,71.0999671649,-0.000891123807806,0.0609171390533
-85.9963219924,71.9762302961,-0.0331828734066,0.0460679531097
-86.0110800252,71.7249146588,-0.0384617447257,0.0307071208954
-86.0109800252,71.7250146588,-0.0383617447257,0.00468897819519
-86.0108800252,71.7251146588,-0.0382617447257,0.00434613227844
-86.0107800252,71.7252146588,-0.0381617447257,0.00465297698975
-84.1684719665,68.9082662515,-0.0831199030249,0.0409779548645
-84.1683719665,68.9083662515,-0.0830199030249,0.00476217269897
-84.1682719665,68.9084662515,-0.0829199030249,0.00466513633728
-85.7307434641,71.3202988918,-0.0177082295779,0.0346698760986
-85.7306434641,71.3203988918,-0.0176082295779,0.00485610961914
-85.7305434641,71.3204988918,-0.0175082295779,0.00444102287292
-85.7304434641,71.3205988918,-0.0174082295779,0.00482892990112
-85.7303434641,71.3206988918,-0.0173082295779,0.00444507598877
-85.7302434641,71.3207988918,-0.0172082295779,0.0046079158783
-85.7301434641,71.3208988918,-0.0171082295779,0.00428700447083
-85.7300434641,71.3209988918,-0.0170082295779,0.00474715232849
-85.7299434587,71.3210988795,0.0916029308485,0.00576090812683
-85.7298434587,71.3211988795,0.0917029308485,0.00444293022156
-85.7297434587,71.3212988795,0.0918029308485,0.00453996658325
-85.7296434587,71.3213988795,0.0919029308485,0.00454902648926
-85.7295434587,71.3214988795,0.0920029308485,0.00458717346191
-85.7294434587,71.3215988795,0.0921029308485,0.00451683998108
-85.7293434587,71.3216988795,0.0922029308485,0.00476908683777
-85.7292434587,71.3217988795,0.0923029308485,0.00454211235046
-85.7291434587,71.3218988795,0.0924029308485,0.00481986999512
-85.7290434587,71.3219988795,0.0925029308485,0.00452208518982
-85.7289434587,71.3220988795,0.0926029308485,0.00479888916016
-85.7288434587,71.3221988795,0.0927029308485,0.00467205047607
-85.7287434587,71.3222988795,0.0928029308485,0.00457310676575
-85.7286434587,71.3223988795,0.0929029308485,0.00453209877014
-85.7285434587,71.3224988795,0.0930029308485,0.00469088554382
-85.7284434587,71.3225988795,0.0931029308485,0.00451302528381
-85.7283434587,71.3226988795,0.0932029308485,0.00475406646729
-85.7282434587,71.3227988795,0.0933029308485,0.0045440196991
-85.7281434587,71.3228988795,0.0934029308485,0.00457882881165
-85.7280434587,71.3229988795,0.0935029308485,0.0045120716095
-85.7279434587,71.3230988795,0.0936029308485,0.00473284721375
-85.7278434587,71.3231988795,0.0937029308485,0.00482797622681
-85.7277434587,71.3232988795,0.0938029308485,0.00466179847717
-85.7276434587,71.3233988795,0.0939029308485,0.00476002693176
-85.7275434587,71.3234988795,0.0940029308485,0.00437903404236
-85.7274434587,71.3235988795,0.0941029308485,0.0046558380127
-85.7273434587,71.3236988795,0.0942029308485,0.00444412231445
-85.7272434587,71.3237988795,0.0943029308485,0.00461196899414
-85.7271434587,71.3238988795,0.0944029308485,0.0048520565033
-85.7270434503,71.3239988714,-0.341833972839,0.00485277175903
-85.1499938639,71.0012491513,0.00906574826853,0.0416119098663
-85.3926027608,70.913247939,0.00157998683758,0.029196023941
-86.1314952332,72.4190878939,-0.0355869628672,0.0329909324646
-86.0502034997,72.0248238017,-0.0418342245875,0.0271229743958
-86.0501034997,72.0249238017,-0.0417342245875,0.00456213951111
-86.0500034997,72.0250238017,-0.0416342245875,0.00465106964111
-86.0499034997,72.0251238017,-0.0415342245875,0.00454187393188
-86.0498034997,72.0252238017,-0.0414342245875,0.00464487075806
-86.0497034997,72.0253238017,-0.0413342245875,0.00465703010559
-86.0496034897,72.0254238006,-0.179539591251,0.00558304786682
-85.5595283305,71.3931055738,0.0348526778466,0.0539309978485
-85.5594283305,71.3932055738,0.0349526778466,0.00460696220398
-85.7199398169,71.6959606238,-0.0223116863887,0.0304751396179
-85.7198398169,71.6960606238,-0.0222116863887,0.00459504127502
-85.4190457617,70.9272027753,0.00694222033751,0.0315670967102
-85.4189457617,70.9273027753,0.00704222033751,0.00488305091858
88.9206466097,-13.9886506827,-0.0744595989455,0.0812320709229
-83.6309247501,70.4088588204,-36.5820435561,0.0904860496521
-84.8144481368,70.405097112,-0.0543919759976,0.0444240570068
-84.8766753129,70.4810792715,0.0338902005971,0.0388810634613
-84.8765753129,70.4811792715,0.0339902005971,0.00432085990906
-84.8764753129,70.4812792715,0.0340902005971,0.00465893745422
-84.8763753129,70.4813792715,0.0341902005971,0.00507307052612
-84.8762753129,70.4814792715,0.0342902005971,0.00468683242798
-84.9654377888,70.5939246239,0.0757400951657,0.0359861850739
-85.2023578776,70.8066868449,-0.0435088357669,0.0389251708984
-85.2022578776,70.8067868449,-0.0434088357669,0.00467991828918
-85.2021578776,70.8068868449,-0.0433088357669,0.00462889671326
-85.1606819994,70.6392704844,0.00649333720818,0.0271980762482
-85.1605819994,70.6393704844,0.00659333720818,0.00458908081055
-85.1604819994,70.6394704844,0.00669333720818,0.00456619262695
-85.1603819994,70.6395704844,0.00679333720818,0.00468420982361
-85.1602819994,70.6396704844,0.00689333720818,0.00550389289856
-85.2097881212,70.4632196521,0.0722551426265,0.0363159179688
-85.2096881212,70.4633196521,0.0723551426265,0.00464081764221
-85.2095881212,70.4634196521,0.0724551426265,0.00481295585632
-85.2094881212,70.4635196521,0.0725551426265,0.00442790985107
-85.2093881212,70.4636196521,0.0726551426265,0.00461983680725
-85.2092881212,70.4637196521,0.0727551426265,0.0048840045929
-85.4667598449,71.0015002034,0.0167273775414,0.0477719306946
-85.4666598449,71.0016002034,0.0168273775414,0.00455188751221
-85.9021582889,72.0535003886,-0.0193009654249,0.0519969463348
-85.9020582889,72.0536003886,-0.0192009654249,0.00471305847168
-85.9019582889,72.0537003886,-0.0191009654249,0.00454998016357
-85.9018582889,72.0538003886,-0.0190009654249,0.00454521179199
-85.9017582889,72.0539003886,-0.0189009654249,0.00446486473083
-85.9016582889,72.0540003886,-0.0188009654249,0.00469493865967
-85.9015582889,72.0541003886,-0.0187009654249,0.00437903404236
-82.4356789423,66.6730359047,-0.0460629391046,0.0453069210052
-84.6401702764,70.1596511283,0.0304707731195,0.0758459568024
-85.2773274345,71.2996538627,-0.0232420129659,0.0499911308289
-85.2772274345,71.2997538627,-0.0231420129659,0.00465297698975
-85.6885641639,72.2117820069,-0.0607894371851,0.0436480045319
-85.6884641639,72.2118820069,-0.0606894371851,0.00478982925415
-85.4681491999,71.3689213199,-0.0201017315353,0.0260210037231
-85.4680491999,71.3690213199,-0.0200017315353,0.00444293022156
-85.4679491999,71.3691213199,-0.0199017315353,0.00467109680176
-85.4678491999,71.3692213199,-0.0198017315353,0.00464487075806
-85.4677491999,71.3693213199,-0.0197017315353,0.00458192825317
-85.4676491999,71.3694213199,-0.0196017315353,0.00496602058411
-85.4675491907,71.3695213144,-0.13537781993,0.00531697273254
-85.4674491907,71.3696213144,-0.13527781993,0.00463891029358
-85.4673491907,71.3697213144,-0.13517781993,0.00451493263245
-85.4672491849,71.3698213051,0.337874967992,0.00459694862366
-84.7386491013,70.0789162237,-0.020020103148,0.0347459316254
-84.7385491013,70.0790162237,-0.019920103148,0.00472497940063
-84.7384491013,70.0791162237,-0.019820103148,0.00465679168701
-84.7383491013,70.0792162237,-0.019720103148,0.00461602210999
-84.7557241239,70.1422884907,-0.0511569119827,0.0268149375916
-84.7556241239,70.1423884907,-0.0510569119827,0.00493693351746
-84.7414714251,69.8812615629,0.0189631706152,0.0261478424072
-84.7413714251,69.8813615629,0.0190631706152,0.00445604324341
-84.7412714251,69.8814615629,0.0191631706152,0.00469088554382
-84.8141754075,70.1516325881,0.0992209699769,0.0416262149811
-84.8140754075,70.1517325881,0.0993209699769,0.0044379234314
-84.8139754075,70.1518325881,0.0994209699769,0.00461792945862
-84.8138754075,70.1519325881,0.0995209699769,0.00452780723572
-84.8137754075,70.1520325881,0.0996209699769,0.00497794151306
-84.8136754075,70.1521325881,0.0997209699769,0.00468492507935
-84.8774213584,70.1385111985,-0.0448566561991,0.0356938838959
-84.8773213584,70.1386111985,-0.0447566561991,0.00460696220398
-84.8772213584,70.1387111985,-0.0446566561991,0.00483012199402
-84.8771213584,70.1388111985,-0.0445566561991,0.0045280456543
-84.8770213584,70.1389111985,-0.0444566561991,0.0046169757843
-84.8010230006,69.76309189,0.0519858937138,0.0310361385345
-84.8009230006,69.76319189,0.0520858937138,0.0045759677887
-84.8008230006,69.76329189,0.0521858937138,0.00470685958862
-84.8007230006,69.76339189,0.0522858937138,0.00482392311096
-84.8006230006,69.76349189,0.0523858937138,0.00482392311096
-84.8906907716,69.8272599003,-0.0618137774552,0.0398750305176
-84.8905907716,69.8273599003,-0.0617137774552,0.00463104248047
-84.9882909695,69.6752028767,0.0146737897796,0.0368871688843
-84.9881909695,69.6753028767,0.0147737897796,0.00470495223999
-84.9880909695,69.6754028767,0.0148737897796,0.00481700897217
-84.9879909695,69.6755028767,0.0149737897796,0.00489592552185
-84.9878909695,69.6756028767,0.0150737897796,0.00469303131104
-84.9877909695,69.6757028767,0.0151737897796,0.00478720664978
-84.9876909695,69.6758028767,0.0152737897796,0.00463795661926
-84.9875909695,69.6759028767,0.0153737897796,0.00450110435486
-84.9874909695,69.6760028767,0.0154737897796,0.00464391708374
-84.9873909695,69.6761028767,0.0155737897796,0.00440502166748
-84.9872909695,69.6762028767,0.0156737897796,0.00479292869568
-84.9871909695,69.6763028767,0.0157737897796,0.00473499298096
-84.9870909695,69.6764028767,0.0158737897796,0.00453805923462
-84.9869909695,69.6765028767,0.0159737897796,0.00484013557434
-84.9868909695,69.6766028767,0.0160737897796,0.00462698936462
-84.9867909695,69.6767028767,0.0161737897796,0.00477886199951
-84.9866909695,69.6768028767,0.0162737897796,0.00449919700623
-84.9865909695,69.6769028767,0.0163737897796,0.00468611717224
-84.9864909695,69.6770028767,0.0164737897796,0.0046010017395
-84.9863909695,69.6771028767,0.0165737897796,0.0046501159668
-84.9862909695,69.6772028767,0.0166737897796,0.0045120716095
-84.9861909695,69.6773028767,0.0167737897796,0.00467085838318
-84.6369104575,70.1156435745,-0.00430514539953,0.0562689304352
-84.9833100101,69.9167999873,-0.0507901942049,0.0400002002716
-84.9832100101,69.9168999873,-0.0506901942049,0.00470089912415
-84.9831100101,69.9169999873,-0.0505901942049,0.0046329498291
-84.9830100101,69.9170999873,-0.0504901942049,0.0051441192627
-85.0945748333,70.266992088,-0.0660336346952,0.0426979064941
-85.1776162448,70.5901235785,0.0470421374678,0.040431022644
-85.1775162448,70.5902235785,0.0471421374678,0.00490093231201
-85.1774162448,70.5903235785,0.0472421374678,0.00457191467285
-85.1697344616,70.4579337719,0.00224745551562,0.0245339870453
-85.2150168658,70.6547757535,0.0272801759209,0.0407898426056
-85.2869285827,70.7832745531,0.0376037051081,0.0305209159851
-85.2868285827,70.7833745531,0.0377037051081,0.0045690536499
-85.8208476998,71.5579457384,-0.0102819128315,0.0525531768799
-85.8207476998,71.5580457384,-0.0101819128315,0.00470781326294
-85.8206476998,71.5581457384,-0.0100819128315,0.00474095344543
-85.8205476998,71.5582457384,-0.00998191283146,0.00439500808716
-83.1585177403,67.8956986604,-0.0574826352543,0.0463650226593
-84.6965901151,70.0143443069,0.0180983813617,0.0662860870361
-84.7126981574,69.9540169721,-0.0172390753824,0.0321879386902
-84.8073047711,70.1632692232,-0.00811921766555,0.0353188514709
-84.8072047711,70.1633692232,-0.00801921766555,0.00491309165955
-84.8071047637,70.1634692139,-0.14372529009,0.00450015068054
-84.8070047637,70.1635692139,-0.14362529009,0.00473999977112
-84.6440377972,69.6930514231,-0.00779299619869,0.025288105011
-84.8114738281,70.1699087872,-0.0163125096173,0.0444779396057
-84.9585347898,69.7954621292,-0.0149211904489,0.0288989543915
-84.9584347898,69.7955621292,-0.0148211904489,0.00466799736023
-84.9583347898,69.7956621292,-0.0147211904489,0.00450611114502
-84.9582347898,69.7957621292,-0.0146211904489,0.00459003448486
-84.9581347898,69.7958621292,-0.0145211904489,0.00432205200195
-85.0426331861,69.8429211802,0.00901111915848,0.0337481498718
-85.0425331861,69.8430211802,0.00911111915848,0.00459504127502
-85.0424331861,69.8431211802,0.00921111915848,0.00498914718628
-85.0423331861,69.8432211802,0.00931111915848,0.00457811355591
-85.0422331861,69.8433211802,0.00941111915848,0.00497484207153
37.1407595427,41.8615480478,5.47287581829,0.0902390480042
-83.9776403153,69.7345545976,30.9689493528,0.0908708572388
-84.696123292,69.7268204461,-0.0389584665884,0.0486960411072
-84.918741732,69.7444121006,0.020257831392,0.0390958786011
-84.6665462399,69.9975667295,0.0123254817529,0.046010017395
-84.6664462399,69.9976667295,0.0124254817529,0.00465416908264
-84.6663462399,69.9977667295,0.0125254817529,0.0044891834259
-84.6662462399,69.9978667295,0.0126254817529,0.00474810600281
-84.6661462399,69.9979667295,0.0127254817529,0.00461792945862
-84.8169782545,70.1549589947,-0.0553032449701,0.0407409667969
-84.9339444495,70.0972287134,-0.00425779621358,0.0449531078339
-84.9338444495,70.0973287134,-0.00415779621358,0.00457620620728
-84.610278205,70.0464258972,-0.0188739498177,0.0508589744568
-11.2209961094,43.1127564359,-41.3889328011,0.0898859500885
-84.7458458774,70.1076682004,0.029624523756,0.0359380245209
-84.6902154637,69.8945834596,-0.0754624503333,0.0253548622131
-84.6901154637,69.8946834596,-0.0753624503333,0.00482296943665
-84.6981455109,69.9131600111,0.0646976168692,0.0264980792999
-84.7442489916,69.986292228,-0.0747365839933,0.0322299003601
-84.7918401879,69.9014564392,-0.0286064399428,0.0316269397736
-84.8231274362,69.9596609186,-0.00788104292201,0.0362010002136
-84.8050646254,69.8000125297,-0.0442288106971,0.0318500995636
-84.8049646254,69.8001125297,-0.0441288106971,0.00465202331543
-84.895601338,69.9399669744,0.0157863095016,0.0283341407776
-84.895501338,69.9400669744,0.0158863095016,0.00462079048157
-84.895401338,69.9401669744,0.0159863095016,0.00467610359192
-84.895301338,69.9402669744,0.0160863095016,0.00463008880615
-84.895201338,69.9403669744,0.0161863095016,0.00438499450684
-84.8888240926,69.8777581959,0.0111998211089,0.0260760784149
-84.9315896826,69.6263373839,-0.0142975277738,0.0268819332123
-84.9314896826,69.6264373839,-0.0141975277738,0.00470900535583
-84.9313896826,69.6265373839,-0.0140975277738,0.00472187995911
0.134447158734,42.2326905473,-0.273381687019,0.089812040329
-83.5804027419,70.1223009867,-35.6865450038,0.0906229019165
-84.8789471874,69.9883801331,-0.0355738961647,0.0450658798218
-84.8788471874,69.9884801331,-0.0354738961647,0.00467491149902
-84.8497400152,69.6916620974,-0.0218078583702,0.0403039455414
-85.0880771734,69.9928872168,-0.0185625216234,0.0378401279449
-85.0879771734,69.9929872168,-0.0184625216234,0.00468111038208
-85.0878771734,69.9930872168,-0.0183625216234,0.00463390350342
-85.0877771734,69.9931872168,-0.0182625216234,0.00472593307495
-85.0876771734,69.9932872168,-0.0181625216234,0.00467395782471
-85.0875771734,69.9933872168,-0.0180625216234,0.00453495979309
-85.0874771734,69.9934872168,-0.0179625216234,0.00454688072205
-85.0873771734,69.9935872168,-0.0178625216234,0.00483083724976
-17.8357464784,34.7047804544,-0.0137041608492,0.0899219512939
-82.1009865687,69.7718923563,-43.288760215,0.0897769927979
-84.754946575,69.6569038562,0.0188300821447,0.0590689182281
-84.7365352975,69.8404501761,-0.000264048824277,0.0343899726868
-84.8218012724,69.7028539421,-0.049436566299,0.0355629920959
-84.8217012724,69.7029539421,-0.049336566299,0.00445890426636
-84.8216012724,69.7030539421,-0.049236566299,0.00456809997559
-84.8777821173,70.0532027229,-0.0405503628784,0.0413339138031
-84.8776821173,70.0533027229,-0.0404503628784,0.00479817390442
-84.8775821173,70.0534027229,-0.0403503628784,0.00452709197998
-84.8774821173,70.0535027229,-0.0402503628784,0.00466203689575
-84.7925478008,69.8107642015,0.0819374805408,0.0312309265137
-84.7924477984,69.8108642155,-0.115584562107,0.00562906265259
-84.7923477335,69.81096411,0.226134682114,0.00441312789917
-84.671582449,69.863893939,0.0633386400093,0.0550210475922
-84.8170265383,69.6212272688,-0.00644542258759,0.0426461696625
-84.8169265383,69.6213272688,-0.00634542258759,0.00441789627075
-84.662683818,69.9593171045,-0.0877619760431,0.0740208625793
-84.8305606753,69.9546694693,0.00950288328792,0.0418360233307
-84.9231218166,69.8565439591,-0.0505979645052,0.0273950099945
-84.9230218166,69.8566439591,-0.0504979645052,0.00432300567627
-84.9229218166,69.8567439591,-0.0503979645052,0.00464200973511
-84.9228218166,69.8568439591,-0.0502979645052,0.00452208518982
-84.9227218166,69.8569439591,-0.0501979645052,0.00449895858765
-84.9226218166,69.8570439591,-0.0500979645052,0.0047869682312
-84.9225218166,69.8571439591,-0.0499979645052,0.00450301170349
-84.9224218166,69.8572439591,-0.0498979645052,0.00464010238647
-84.9223218166,69.8573439591,-0.0497979645052,0.00471782684326
-84.9222218166,69.8574439591,-0.0496979645052,0.00447702407837
-84.9221218166,69.8575439591,-0.0495979645052,0.00455212593079
-84.9614123748,69.8587803295,0.00498924331514,0.0352869033813
-84.9260575592,69.8884077147,-0.0404761412849,0.0394351482391
-84.9259575592,69.8885077147,-0.0403761412849,0.00469303131104
-84.9258575592,69.8886077147,-0.0402761412849,0.0046648979187
-84.9257575592,69.8887077147,-0.0401761412849,0.00468897819519
-84.9256575592,69.8888077147,-0.0400761412849,0.00471019744873
-84.9255575592,69.8889077147,-0.0399761412849,0.00469207763672
-84.9254575592,69.8890077147,-0.0398761412849,0.00441408157349
-84.9623560206,69.6262202744,0.0528671474119,0.0388691425323
-84.9622560206,69.6263202744,0.0529671474119,0.00461220741272
-0.00616229273571,41.7466461064,0.0566142225684,0.0875990390778
-83.4899894475,69.886842977,-38.010021516,0.0905480384827
-84.9597443899,69.6210702842,0.00221332715286,0.0494990348816
-84.9596443899,69.6211702842,0.00231332715286,0.0047869682312
-84.9595443899,69.6212702842,0.00241332715286,0.00455713272095
-84.9594443899,69.6213702842,0.00251332715286,0.004634141922
-84.9593443764,69.6214702949,0.0778340561776,0.00517392158508
-84.9592443764,69.6215702949,0.0779340561776,0.00451707839966
-84.9591443764,69.6216702949,0.0780340561776,0.00463104248047
-84.9590443764,69.6217702949,0.0781340561776,0.00466990470886
-84.9589443764,69.6218702949,0.0782340561776,0.00454592704773
-84.9588443764,69.6219702949,0.0783340561776,0.00464797019958
-84.9587443764,69.6220702949,0.0784340561776,0.00502991676331
-84.9586443693,69.6221702851,-0.12816585509,0.00492000579834
-84.958544365,69.6222702973,0.332011547916,0.00446009635925
-84.8690905757,69.9136044219,0.0152060144977,0.0400259494781
-84.8689905757,69.9137044219,0.0153060144977,0.0046968460083
-84.8688905757,69.9138044219,0.0154060144977,0.00454902648926
-84.7881733242,70.0127218956,0.0814800774481,0.0077428817749
-84.8872937497,69.9713325871,-0.00808830915302,0.0453910827637
-84.8143978766,69.7371935229,0.0557897255679,0.0255680084229
-84.7452876095,69.5062749126,0.0244258179932,0.0371739864349
-84.7451876095,69.5063749126,0.0245258179932,0.00462317466736
-84.9281659312,69.8748270086,0.00800979505141,0.0368988513947
-84.9280659312,69.8749270086,0.00810979505141,0.00433993339539
-84.8293344162,69.9758008333,0.0275219359505,0.058965921402
-84.8408124027,69.7820022396,-0.0105234387267,0.0301270484924
-84.8440049356,69.7030215284,0.0589761072878,0.0231189727783
-84.8439049356,69.7031215284,0.0590761072878,0.00479984283447
-84.8438049356,69.7032215284,0.0591761072878,0.00472712516785
-84.8437049356,69.7033215284,0.0592761072878,0.00461292266846
-84.8436049356,69.7034215284,0.0593761072878,0.00467801094055
-84.8435049356,69.7035215284,0.0594761072878,0.00460004806519
-84.8434049356,69.7036215284,0.0595761072878,0.00451302528381
-84.8433049356,69.7037215284,0.0596761072878,0.00461602210999
-84.8432049356,69.7038215284,0.0597761072878,0.004399061203
-84.8431049356,69.7039215284,0.0598761072878,0.00463199615479
-84.8430049356,69.7040215284,0.0599761072878,0.00457215309143
-84.8429049356,69.7041215284,0.0600761072878,0.00484299659729
-84.8428049356,69.7042215284,0.0601761072878,0.00460696220398
-84.8427049356,69.7043215284,0.0602761072878,0.00475788116455
-84.8426049356,69.7044215284,0.0603761072878,0.00455093383789
-84.8425049356,69.7045215284,0.0604761072878,0.00492215156555
-84.9911332045,70.0351614011,-0.0640086515193,0.0331110954285
-84.9023515578,69.5342371131,0.0421619319691,0.0266709327698
-84.9022515578,69.5343371131,0.0422619319691,0.00460600852966
-84.9021515578,69.5344371131,0.0423619319691,0.00466012954712
-84.9020515399,69.5345371373,-0.138338919628,0.00521802902222
-84.8493381963,69.8538072708,-0.0118361681369,0.051362991333
-84.8492381963,69.8539072708,-0.0117361681369,0.00467205047607
-84.8491381963,69.8540072708,-0.0116361681369,0.00463891029358
-84.8490381963,69.8541072708,-0.0115361681369,0.00461912155151
-84.8489381963,69.8542072708,-0.0114361681369,0.00452995300293
-84.8488381963,69.8543072708,-0.0113361681369,0.00474905967712
-84.848189828,69.436917225,-0.0428508834483,0.0358760356903
-84.848089828,69.437017225,-0.0427508834483,0.0046660900116
-84.847989828,69.437117225,-0.0426508834483,0.00472211837769
-84.847889828,69.437217225,-0.0425508834483,0.00487494468689
-84.847789828,69.437317225,-0.0424508834483,0.00455188751221
-84.847689828,69.437417225,-0.0423508834483,0.00462794303894
-84.847589828,69.437517225,-0.0422508834483,0.00465393066406
-84.847489828,69.437617225,-0.0421508834483,0.00458812713623
-84.847389828,69.437717225,-0.0420508834483,0.00467205047607
-84.847289828,69.437817225,-0.0419508834483,0.00467300415039
-84.847189828,69.437917225,-0.0418508834483,0.00475716590881
-84.847089828,69.438017225,-0.0417508834483,0.0047779083252
-84.846989828,69.438117225,-0.0416508834483,0.00455284118652
-84.846889828,69.438217225,-0.0415508834483,0.00470089912415
-84.846789828,69.438317225,-0.0414508834483,0.00466704368591
-84.846689828,69.438417225,-0.0413508834483,0.00451302528381
-84.846589828,69.438517225,-0.0412508834483,0.00463390350342
-84.846489828,69.438617225,-0.0411508834483,0.00454902648926
-85.0152745031,69.8302910205,0.0416620020374,0.0430428981781
-85.0151745031,69.8303910205,0.0417620020374,0.0046648979187
-85.0150745031,69.8304910205,0.0418620020374,0.00459218025208
-85.0149745031,69.8305910205,0.0419620020374,0.00466799736023
-85.0148745031,69.8306910205,0.0420620020374,0.00470304489136
-85.0147745031,69.8307910205,0.0421620020374,0.00472283363342
-0.00110267098783,64.8469585657,-0.0410149048346,0.0290110111237
-79.7545067656,66.3118680026,-41.990761175,0.0905060768127
-84.9183835734,70.1390230307,-0.0109897257662,0.075779914856
-84.8445781766,69.8979365619,0.0349039166563,0.0256409645081
-84.8444781766,69.8980365619,0.0350039166563,0.00454092025757
-84.8443781766,69.8981365619,0.0351039166563,0.00459408760071
-84.8442781766,69.8982365619,0.0352039166563,0.00433492660522
-84.8441781766,69.8983365619,0.0353039166563,0.00464987754822
-84.8440781766,69.8984365619,0.0354039166563,0.00457811355591
-84.8345932058,69.8104352384,-0.0724735402122,0.0326800346375
-84.8344932058,69.8105352384,-0.0723735402122,0.0046010017395
-84.8343932058,69.8106352384,-0.0722735402122,0.00475716590881
-84.8342932058,69.8107352384,-0.0721735402122,0.00466895103455
-84.8341932058,69.8108352384,-0.0720735402122,0.00468492507935
-84.8340932058,69.8109352384,-0.0719735402122,0.0046329498291
-84.9536043946,69.8232999468,0.0853881746984,0.0399041175842
-84.9535043946,69.8233999468,0.0854881746984,0.00456118583679
-84.9534043946,69.8234999468,0.0855881746984,0.00460886955261
-84.9533043946,69.8235999468,0.0856881746984,0.00453495979309
-84.9532043946,69.8236999468,0.0857881746984,0.00479602813721
-84.9531043946,69.8237999468,0.0858881746984,0.00463104248047
-84.9530043946,69.8238999468,0.0859881746984,0.00464105606079
-84.9529043946,69.8239999468,0.0860881746984,0.00474715232849
-84.9528043946,69.8240999468,0.0861881746984,0.00458002090454
-84.9527043946,69.8241999468,0.0862881746984,0.00458693504333
-84.9526043946,69.8242999468,0.0863881746984,0.00477600097656
-84.9525043946,69.8243999468,0.0864881746984,0.00491118431091
-84.9524043946,69.8244999468,0.0865881746984,0.00462579727173
-84.9523043946,69.8245999468,0.0866881746984,0.00469589233398
-84.9522043946,69.8246999468,0.0867881746984,0.00452899932861
-84.9521043946,69.8247999468,0.0868881746984,0.00496006011963
-84.9520043946,69.8248999468,0.0869881746984,0.0045850276947
-84.9519043946,69.8249999468,0.0870881746984,0.00464200973511
-84.9518043946,69.8250999468,0.0871881746984,0.0046181678772
-84.9517043946,69.8251999468,0.0872881746984,0.00462293624878
-84.9516043946,69.8252999468,0.0873881746984,0.00456190109253
-84.9515043946,69.8253999468,0.0874881746984,0.00463795661926
-84.9514043946,69.8254999468,0.0875881746984,0.00501608848572
-84.9513043946,69.8255999468,0.0876881746984,0.00462293624878
-84.9512043946,69.8256999468,0.0877881746984,0.00438809394836
-84.9511043946,69.8257999468,0.0878881746984,0.00463104248047
-84.9510043946,69.8258999468,0.0879881746984,0.00475406646729
-84.9509043946,69.8259999468,0.0880881746984,0.00464391708374
-84.9508043946,69.8260999468,0.0881881746984,0.00456213951111
-84.9507043946,69.8261999468,0.0882881746984,0.00474095344543
-84.9506043946,69.8262999468,0.0883881746984,0.00453901290894
-84.9505043946,69.8263999468,0.0884881746984,0.00475001335144
-84.9504043946,69.8264999468,0.0885881746984,0.00473594665527
-84.9503043946,69.8265999468,0.0886881746984,0.00478315353394
-84.9502043946,69.8266999468,0.0887881746984,0.00462794303894
-84.9501043946,69.8267999468,0.0888881746984,0.00450491905212
-84.9500043915,69.8268999611,-0.374298664314,0.00469899177551
-84.8841518458,70.1317756773,-0.0633363515233,0.0290989875793
-84.8660948581,69.8884253022,-0.00695623797447,0.0326659679413
-84.8659948581,69.8885253022,-0.00685623797447,0.00465798377991
-84.8239961445,70.0570041142,0.014027490664,0.0325620174408
-84.7139007331,70.149248346,0.0113853531583,0.0462548732758
-84.8436542997,70.0838330636,-0.0726159276245,0.0406789779663
-84.8435542997,70.0839330636,-0.0725159276245,0.00465893745422
-84.8434542997,70.0840330636,-0.0724159276245,0.00473999977112
-84.8575197545,69.9585087802,0.0796467336618,0.0271980762482
-84.8574197545,69.9586087802,0.0797467336618,0.00468516349792
-85.0066628365,70.0127905249,-0.0613768972121,0.0402109622955
-85.0065628365,70.0128905249,-0.0612768972121,0.00478792190552
-12.8331094985,73.5323570175,-16.2704994247,0.0904099941254
-84.8742453498,70.0434448718,0.00139643755938,0.033313035965
-84.6895507851,70.2949764953,-0.0263076629922,0.0593178272247
-84.8422064384,70.4308313539,-0.0209703520989,0.0452551841736
-85.1314201567,70.4255814345,-0.0194480473778,0.0460529327393
-85.1313201567,70.4256814345,-0.0193480473778,0.00454807281494
-85.1312201567,70.4257814345,-0.0192480473778,0.00494885444641
-85.1311201567,70.4258814345,-0.0191480473778,0.00455808639526
-85.1310201567,70.4259814345,-0.0190480473778,0.00458598136902
-85.1309201567,70.4260814345,-0.0189480473778,0.00453686714172
-85.1308201567,70.4261814345,-0.0188480473778,0.00480103492737
-85.1307201567,70.4262814345,-0.0187480473778,0.00462579727173
-85.1306201567,70.4263814345,-0.0186480473778,0.00457000732422
-85.1305201567,70.4264814345,-0.0185480473778,0.00462198257446
-85.1304201567,70.4265814345,-0.0184480473778,0.00473380088806
-85.130320128,70.4266814727,-0.255755661249,0.00474691390991
-84.8463096638,70.0531162965,0.0195133722537,0.0382158756256
-84.8462096638,70.0532162965,0.0196133722537,0.00467705726624
-84.8461096638,70.0533162965,0.0197133722537,0.00466895103455
-84.8460096638,70.0534162965,0.0198133722537,0.00472903251648
-84.8459096638,70.0535162965,0.0199133722537,0.00493407249451
-85.160524123,70.2055550786,0.0801271715178,0.0416309833527
-85.160424123,70.2056550786,0.0802271715178,0.00491213798523
-85.160324123,70.2057550786,0.0803271715178,0.00465989112854
-85.160224123,70.2058550786,0.0804271715178,0.004802942276
-85.1601241159,70.2059550883,-0.0352401421945,0.00464010238647
-85.1600241159,70.2060550883,-0.0351401421945,0.00451016426086
-85.1599241159,70.2061550883,-0.0350401421945,0.00463700294495
-85.1598241159,70.2062550883,-0.0349401421945,0.00456500053406
-85.1597241159,70.2063550883,-0.0348401421945,0.00461101531982
-85.1596241159,70.2064550883,-0.0347401421945,0.00451683998108
-85.1595241159,70.2065550883,-0.0346401421945,0.00472688674927
-85.1594241159,70.2066550883,-0.0345401421945,0.00458288192749
-85.1593241159,70.2067550883,-0.0344401421945,0.0050311088562
-85.1592241159,70.2068550883,-0.0343401421945,0.00459289550781
-85.1591241159,70.2069550883,-0.0342401421945,0.00479888916016
-85.1590240441,70.2070551858,-0.418668248037,0.00432085990906
-84.7216186916,69.8435751967,0.0828098754375,0.0579559803009
-84.9245929951,70.0835768208,0.0111837111459,0.0373167991638
-84.9292021297,70.074243406,0.0258283970441,0.0276041030884
-84.9291021297,70.074343406,0.0259283970441,0.00451707839966
-85.0400658641,70.0146176947,0.023588068252,0.0341730117798
-85.0399658641,70.0147176947,0.023688068252,0.00463819503784
-85.0398658641,70.0148176947,0.023788068252,0.00469589233398
-85.0397658641,70.0149176947,0.023888068252,0.00465202331543
-85.0335821452,69.9571375202,0.0200345978104,0.0303008556366
-85.0334821366,69.9572375131,0.123396547407,0.00541114807129
-85.0333821366,69.9573375131,0.123496547407,0.00483894348145
-85.0332820651,69.9574376102,-0.0634631377243,0.00438404083252
-85.0331820651,69.9575376102,-0.0633631377243,0.00468993186951
-85.0330820651,69.9576376102,-0.0632631377243,0.00455093383789
-85.0329820651,69.9577376102,-0.0631631377243,0.00485897064209
-85.0328820651,69.9578376102,-0.0630631377243,0.00457501411438
-85.0327820651,69.9579376102,-0.0629631377243,0.00456690788269
-85.0326820651,69.9580376102,-0.0628631377243,0.00446915626526
-85.0325820651,69.9581376102,-0.0627631377243,0.0045919418335
-85.0324820651,69.9582376102,-0.0626631377243,0.00466799736023
-85.0323820651,69.9583376102,-0.0625631377243,0.0047869682312
-85.0322820651,69.9584376102,-0.0624631377243,0.00458812713623
-85.0321820651,69.9585376102,-0.0623631377243,0.00449800491333
-85.0320820651,69.9586376102,-0.0622631377243,0.00476503372192
-22.7891435916,88.3971515056,4.77767294677,0.0899498462677
-84.8766664362,70.1513192258,-0.0659902554934,0.0394289493561
-84.8765664362,70.1514192258,-0.0658902554934,0.00448107719421
-84.9731474468,69.9755826472,0.0991638618831,0.03799700737
-84.9730474468,69.9756826472,0.0992638618831,0.00464987754822
-84.9729474468,69.9757826472,0.0993638618831,0.00473499298096
-84.9728474468,69.9758826472,0.0994638618831,0.00458192825317
-84.9727474468,69.9759826472,0.0995638618831,0.00463604927063
-84.9726474468,69.9760826472,0.0996638618831,0.00462889671326
-84.9725474468,69.9761826472,0.0997638618831,0.00444602966309
-84.9724474406,69.9762826047,0.0177825637131,0.0060350894928
-84.9723474406,69.9763826047,0.0178825637131,0.00478100776672
-84.9933066071,69.7959294789,0.0106434656954,0.0379440784454
-84.9932066071,69.7960294789,0.0107434656954,0.00456500053406
-84.9931065985,69.7961294779,0.288376306067,0.0047562122345
-84.7843766734,69.7792899122,-0.0198286660666,0.0447931289673
-84.9115480581,69.7339469636,0.0507294992173,0.0390038490295
-84.9114480434,69.7340469834,-0.109726224986,0.00466918945312
-84.9113480434,69.7341469834,-0.109626224986,0.00452780723572
-85.0573097991,69.7830896892,0.0541422583351,0.0413811206818
-85.0572097991,69.7831896892,0.0542422583351,0.00477600097656
-85.0571097991,69.7832896892,0.0543422583351,0.00454878807068
-85.0570097991,69.7833896892,0.0544422583351,0.004802942276
-85.0569097991,69.7834896892,0.0545422583351,0.00497698783875
-85.0568097991,69.7835896892,0.0546422583351,0.00440883636475
-85.0567097991,69.7836896892,0.0547422583351,0.0045440196991
-85.0566097991,69.7837896892,0.0548422583351,0.00463700294495
-85.0565097991,69.7838896892,0.0549422583351,0.00496101379395
-85.0564097919,69.7839896989,0.142446532958,0.0046558380127
-85.0563097861,69.7840897074,-0.315291764443,0.00455284118652
-84.7263687431,70.065218379,-0.0673431104829,0.0480580329895
-84.7262687431,70.065318379,-0.0672431104829,0.00456094741821
-84.8442629415,69.9461872494,0.0254053600079,0.0383398532867
-85.0177770079,69.9370381497,0.0804740790968,0.0294959545135
-85.0176770079,69.9371381497,0.0805740790968,0.00458288192749
-85.1056852611,70.0646212344,0.00502695755553,0.041622877121
-85.0103197381,70.3446530932,0.0206495136557,0.0517239570618
-85.0557824458,70.2083880711,-0.0689219100224,0.0350620746613
-85.0556824458,70.2084880711,-0.0688219100224,0.00457406044006
-85.0555824458,70.2085880711,-0.0687219100224,0.00465488433838
-85.0554824458,70.2086880711,-0.0686219100224,0.0045759677887
-85.0553824458,70.2087880711,-0.0685219100224,0.0050060749054
-84.9243356915,69.8252680644,0.0236492494232,0.0335078239441
-84.9242356915,69.8253680644,0.0237492494232,0.00478410720825
-84.92413562,69.8254681611,0.407083467108,0.00445199012756
-84.8130719847,69.9991423155,0.0371889257123,0.0632021427155
-84.8129719847,69.9992423155,0.0372889257123,0.00479292869568
-84.9798452503,69.9156553958,-0.0613632090567,0.0426669120789
-84.9797452503,69.9157553958,-0.0612632090567,0.00480890274048
-84.9796452503,69.9158553958,-0.0611632090567,0.00467491149902
-84.9795452503,69.9159553958,-0.0610632090567,0.00450992584229
-84.9794452503,69.9160553958,-0.0609632090567,0.00468707084656
-84.9793452503,69.9161553958,-0.0608632090567,0.00454497337341
-84.9792452503,69.9162553958,-0.0607632090567,0.00467705726624
-84.9791452503,69.9163553958,-0.0606632090567,0.00465393066406
-84.9790452418,69.9164554073,0.0450957710086,0.00474119186401
-84.9789452418,69.9165554073,0.0451957710086,0.00453996658325
-84.9788452418,69.9166554073,0.0452957710086,0.00509881973267
-84.9787452418,69.9167554073,0.0453957710086,0.00505185127258
