51.4501498555,45.8347931833,26.7023664398,5.73060895951
49.1536563481,46.5997213822,26.6258717893,5.97544182019
50.617575314,47.6708578828,26.8437625041,6.22427347163
51.4582465461,46.6527775443,27.8810901517,6.47450409334
51.5654630763,46.0074100381,27.5898794813,6.69919308838
51.6248343577,45.9836974909,27.3951162692,6.98177233174
51.6730996147,45.8940016814,27.2678265916,7.25462036525
51.1736452694,46.292577813,26.6231398826,7.51808055556
51.6350415551,45.3577070585,28.3703781875,7.78068201822
51.3432038949,45.6872072314,27.6224592838,8.04112562056
50.9235771787,46.7989577728,26.8896047234,8.30185753892
51.6030682305,45.8353922983,27.4875761301,8.55550409894
51.9996955122,45.4518081992,28.9685954409,8.80011333588
51.2033568208,46.338495473,28.8151961536,9.04950637934
51.9774219478,45.5489878581,28.6309097218,9.30678721407
51.0124270594,45.9208271117,28.186928367,9.54750247417
51.1870367139,45.7270320979,27.8486177408,9.82055453714
51.5883011052,46.0215961252,27.5242750455,10.0860923445
51.902355699,45.625802242,27.6186855871,10.3275960416
51.4105790667,46.5475704068,27.7684279376,10.5564999866
51.7505123515,46.2079873339,27.9350747881,10.8046346411
50.5450243886,46.6839791992,27.3966800776,11.0532989635
50.8383722055,46.1458543088,28.3625855455,11.310924409
51.043790978,46.0609599214,28.0333808419,11.5648838556
52.1788597538,45.483388344,27.0288065611,11.8298518734
51.5661282886,45.8209969173,28.4206499912,12.0870608624
51.7446758201,45.5680761782,28.2311650662,12.3355345292
51.4610623146,46.1579191509,27.5558037789,12.5850513588
51.641002012,45.9508624464,27.9738961606,12.8706814024
51.4034545918,46.18781248,27.9429749606,13.1446472436
50.9015143006,46.2180357177,26.7417841364,13.394994498
51.3799241342,46.078778019,28.2115628265,13.6350696779
51.272389899,46.6285742627,26.7282064243,13.8790602951
51.310884696,46.472639434,27.359712176,14.152203176
51.1534495629,46.4090020796,27.3920352033,14.3995192245
51.9901415782,45.6730972579,27.2103990833,14.6644866202
51.5805782377,45.7241556585,27.422942097,14.9137045591
50.6355287465,46.6995693547,27.0694636854,15.1524641222
51.5739648226,45.8355142528,27.6241026846,15.385533876
51.6199124147,46.1045660913,27.1274967502,15.6335419452
51.8395515096,45.7938158098,27.6723730073,15.8586250032
51.4693025073,46.3030758744,26.8462913886,16.1451047548
51.653435878,45.8606186926,27.5024220405,16.41858416
51.4419237167,45.6424727886,27.1976948148,16.6799256785
51.3458067986,45.6609084521,27.787709732,16.932062545
51.3347932155,46.2867725575,27.4456539372,17.202993137
51.888632598,45.8056520552,27.2433779712,17.4641452441
51.9451552805,45.4467555395,27.9376647584,17.712650324
51.3552246343,46.6487570448,26.1484733483,17.9505082386
51.2794007694,46.4829405245,27.9271546945,18.2236221947
51.213690073,46.2465324015,28.2039207348,18.5005592149
50.6980548038,46.3816698971,28.3873594784,18.7392404008
50.3724642661,47.156711107,27.5520867723,18.9840586435
50.8693923757,46.9098452167,27.7400579156,19.2331045881
51.1271294628,46.4673785362,27.1487750905,19.480806613
50.9773265599,46.9138020122,26.9798458233,19.7430497801
51.4295964306,46.2188262185,27.9244575072,20.0063914716
51.0312345938,45.9961854596,27.2272109125,20.2570111799
50.7182176207,47.0860297884,27.7023736623,20.5000538065
50.2659258722,47.2132675798,28.0477623582,20.7239139319
51.6097669515,46.0154120996,27.2267755575,20.9596889422
51.6964058263,46.2207480719,27.4969501511,21.2482058782
50.3038158121,47.7313408814,27.0492288771,21.5354662913
51.0076047114,46.9482925433,27.1598137327,21.8120571457
50.5341102665,46.7418990451,27.0528690156,22.0500640391
51.1915277375,46.6370412437,27.3497957085,22.3035162113
51.2523137345,46.5725796528,27.6475573136,22.5797459709
50.460139911,47.5496614306,26.8865154716,22.8555263058
50.6193702944,47.3531137889,27.2908300976,23.1036833537
51.3030270745,46.8960829949,27.1515062673,23.3652372993
51.6916044921,46.0039350385,28.3284360166,23.5919734314
50.4526147057,46.6676568206,27.3862960435,23.8265292412
50.2959277953,46.8021050405,27.4850489192,24.0592400774
51.2607466664,46.2445848336,27.8529673409,24.319733132
50.4481523297,47.3152870444,27.8079758589,24.585448532
50.6758326136,47.0963839691,27.3076500091,24.8335508403
50.7076058213,47.1257249267,27.6167292719,25.0836710498
50.7589545499,46.2247877022,28.7565688938,25.3080866578
50.4606286947,46.8769765616,27.4418409785,25.5810839811
50.7781599755,46.8264335147,27.7156438561,25.854499005
50.5829395442,47.1743316962,27.6081891097,26.1160541947
50.6465790484,47.1412440601,27.1004730263,26.3776314668
50.7568230355,46.9094446243,27.2702509111,26.6506051526
50.7246980809,47.3063435831,26.5796798936,26.9155538871
50.8460229453,47.3214305514,26.6837787674,27.1784962283
50.1907206499,47.0490947827,27.7653860714,27.4229076561
50.6237671552,46.7221218458,27.4704765139,27.6854033718
50.6649327081,47.4600369846,25.7856640224,27.9340857334
50.8874400314,46.9347905432,27.7274198663,28.1954966096
50.6959606781,47.2154728837,27.5963520673,28.4705410699
50.9685329323,46.8001041537,27.2482933953,28.721883901
50.4659212785,47.4532026997,27.2337088415,28.9540548055
50.4554070794,46.9878625093,26.5931418026,29.1910695436
50.9279919928,46.9116760661,27.2296525798,29.4399749069
50.8424737314,46.9484639383,28.0323792594,29.7130546507
50.9672960708,46.7787626207,27.1711976847,29.9750766821
50.9450454544,46.6653584246,27.6128372996,30.2261523466
50.9868760066,46.7721538587,27.58787719,30.4720821766
51.1024797183,46.6839597073,27.5511290958,30.734436378
50.7337940024,46.72678663,28.1374180188,31.0086168233
50.5959128473,46.5305496583,28.1422054913,31.2698435753
50.1678949977,46.9815123842,26.7762047496,31.556915199
50.4997139638,46.3804144123,28.3447880715,31.8058637942
50.7854310337,46.8059721666,27.8793430633,32.0557749978
50.8536714064,46.6549342263,27.2234713112,32.2769681223
50.6804451164,47.3686804192,26.461053995,32.5519824137
50.8206003435,47.0190168379,27.2263954278,32.81395717
51.243040833,46.504415988,27.067987404,33.0754451792
50.7464884974,46.262416393,27.8428708637,33.3084931616
51.0679617978,47.0124597307,26.5022570118,33.5634690233
50.9549442935,46.7486199756,27.4976893233,33.7885856715
50.8988929695,46.9031619711,27.5026876438,34.031201267
51.2274330923,46.6874582789,27.8125244054,34.2703863061
51.1445903993,45.9373486144,28.5308509089,34.5450211525
50.6305877936,46.1508557739,28.1367563094,34.8189673995
50.4935582562,46.6546177485,27.3410456057,35.080445456
50.8238448329,47.0822105746,27.2361537863,35.3429657423
51.2969875283,46.687517731,26.4005932635,35.6074065803
51.1085828139,46.995125126,26.6914784029,35.8635360171
50.6140563033,46.9776999745,28.1040220153,36.1130061937
50.8283331952,47.0276511461,27.7867211531,36.3604447842
50.6480679808,46.4259758403,27.7988324951,36.6085881473
51.2296488382,45.9589127995,27.7571381669,36.8859649505
50.8949336026,46.2715805843,27.8593348519,37.1365280531
50.6916262172,47.0126547987,27.9466375353,37.3878671519
51.1788827145,46.8089392793,26.7304255199,37.6204321195
51.2535412109,46.5092282948,27.7341795087,37.8685487347
50.5567469606,47.3017792269,27.0282810937,38.1158246616
50.8510325028,46.4685155361,27.2937138566,38.3798960072
50.6999948837,46.4400601308,27.3967250737,38.6291469143
50.6735857184,46.9896413682,27.606625892,38.8934294428
50.1486004227,47.8705499572,26.682166059,39.1389866703
50.3555436816,47.3154978043,26.636579391,39.3880036899
51.1568900048,46.5205103931,27.5997093933,39.6497992985
50.8667436074,47.2088152823,26.9348829698,39.9359540337
51.1936548139,46.7080919171,27.2876987817,40.1979704667
50.5719251025,46.9948788466,26.381132007,40.4489086601
50.2579026796,47.5295061873,26.9793375301,40.7119514609
50.5931784571,47.4118837112,26.4000494576,40.9654278927
50.3295595101,47.6843540752,26.9603126798,41.2305445783
50.6365981077,47.2955256548,26.3107042882,41.477773541
50.9399771205,46.7794206409,27.6736069486,41.7268278831
50.4923256037,47.5386769173,26.0619171807,41.9899823403
50.2915614156,47.1888207354,25.9993205679,42.2275628246
51.107796389,46.7387522136,26.4153848379,42.4764150034
51.177323345,46.6238607876,26.6049803623,42.7240386511
50.7617051383,47.2126327845,27.0047484673,42.9739560752
50.8345488838,47.2603115391,26.6397641047,43.2100533027
50.9421660224,46.3491430595,26.5850769099,43.4427747135
50.5462046341,46.8923009912,26.747358303,43.6962707396
51.1316703431,46.7209260019,27.1590383073,43.9860650369
50.6701993063,47.2717839039,26.5826753623,44.260893649
50.4889401424,47.5485169668,27.1819810129,44.5055280786
50.7138587042,47.3406750661,26.6834792287,44.7545024885
50.9340530042,47.2676770115,26.2180953844,45.0159677932
50.9604984813,47.2231921848,25.7833280823,45.2994222483
51.1269136473,46.494656145,26.8901971167,45.5658088306
50.2200830389,47.0648059085,26.2423156713,45.8024976191
50.8164047006,47.0923615765,26.7508261714,46.0619804791
50.7420745075,46.9013238807,27.5888061544,46.307271473
50.6217418122,47.2241735996,27.1586281866,46.5595821999
50.7933718593,47.1523947262,26.9874518791,46.8080969215
50.8424766242,46.7419592794,25.950085481,47.0828456013
51.0245824724,45.8064775421,28.6243172091,47.3297389729
50.1814328372,47.7502474085,26.369905916,47.5723016949
51.4889839494,46.4746334844,26.334934831,47.7924398377
51.0334257369,47.1055188991,26.1857606148,48.0418786012
52.1376084162,45.7948075885,26.010600328,48.3002588935
50.8206022396,46.8369816049,27.1518046332,48.5773927897
50.7669828513,46.4111894423,27.3168511648,48.8389691287
50.9492115506,46.8355260547,25.9329835715,49.1018187858
51.2972108345,46.5811743691,26.5300455155,49.3603194429
51.3346198112,46.6107493677,26.842124121,49.6335173745
50.8793624602,46.925128484,26.8752191323,49.8838705383
51.5506092731,46.436588857,27.3364785695,50.1464057536
51.6587797998,46.4360624497,26.7505279644,50.4180852831
51.672186419,46.1766113225,27.0257976296,50.6818655135
50.9858708789,46.275807352,27.1010424809,50.9306900115
50.9015784773,46.3718060127,27.2990970874,51.1780872363
50.7522956565,47.172472949,27.2431938199,51.4392026429
50.1899554867,47.8810237236,26.064543163,51.6889686
50.7780789096,47.0599272987,26.5055755115,51.9259351298
51.0075692834,46.5011750712,27.8204727229,52.1749191813
50.6490024275,46.4706122921,27.4850109859,52.4369947083
50.9086577223,46.330022134,27.4076911461,52.6755228721
51.582676793,46.1662108151,27.5318594499,52.9088461077
50.9575396103,46.9269532811,27.4611023677,53.14591092
51.5302666112,46.4640653587,26.900341704,53.4074629994
51.586887648,45.9156168225,27.528246833,53.6809504911
51.0810737536,46.8323713792,26.6781004681,53.9669400744
50.9275736442,46.6317404641,26.6248358381,54.2315466864
50.784433603,46.6366716001,25.9479023989,54.4890554991
50.7113297782,47.0690970911,26.6466532263,54.7367932914
51.1741005171,46.6854729359,27.398778811,54.9856803045
50.8732460922,46.9446969111,26.056083031,55.2499382624
51.037059027,46.4431479031,27.900721892,55.5238375453
50.8801351192,47.0109939637,26.8166146198,55.7838883287
51.0308950484,46.5647774887,27.0141998167,56.0245351643
50.6642345903,46.6777945984,26.3138231461,56.2579439305
50.7999618658,46.971019284,26.9243005156,56.504502644
51.2162645616,46.4402710757,27.3526312745,56.7689207775
50.9286227852,47.085277071,25.7363870101,57.0178127669
51.5780427121,46.2740331729,27.1150630519,57.2513244809
50.8301658524,47.1984121923,26.6582108732,57.5303857712
50.8511599519,45.8995127177,28.3792191326,57.7790504046
50.6289245151,46.6301557553,27.3215987852,58.0260053583
51.1171488417,46.4996438537,25.959086412,58.2955531531
50.5715109338,47.4031779978,26.3250565142,58.5733560544
50.7902891406,47.2112707241,26.3624918235,58.8443619134
50.6616353161,47.2812697526,26.5324054585,59.1091010201
51.1339885524,46.8147878888,27.0071356311,59.3315547107
50.882949082,46.8458977026,26.9712026863,59.6064834714
50.9012074393,46.2539132316,27.0296018264,59.8684121967
50.3702719638,46.8894931628,26.6635454262,60.1169051468
51.0876266745,46.7839422707,27.069082786,60.3658360138
50.8235667053,47.0986470871,26.163215878,60.6279715677
51.3349831768,46.4515476696,27.1252752188,60.8913493376
50.17980451,46.3835814123,26.415295506,61.1294081715
49.4356757227,46.3498159716,26.4195749863,61.3608385362
46.9048134546,47.5654312129,25.4073850899,61.6093202895
44.8150548299,47.9061559236,26.4650293161,61.8608096113
43.9687523226,47.0246986747,26.8745574125,62.1223122385
44.7742499972,46.3160981944,27.1250937565,62.3953848288
44.356757267,46.3121566652,27.3361067452,62.6839086072
43.9650274679,46.4752262342,27.5260919773,62.9324920643
43.4188966453,46.4250189219,27.3562843397,63.1789814203
42.0625581925,46.6143864959,26.1132187649,63.4168287602
41.1036940737,47.0100307593,26.2786033248,63.6904011605
38.3107883557,48.8259160968,27.0907141121,63.9647759937
42.0307778985,46.282495689,27.8409107426,64.2303253088
40.2467488271,47.208882363,26.6022796923,64.4617814882
39.4594385091,47.5033345402,26.798932692,64.7114021987
39.4323099912,47.3310148121,27.3790017582,64.9464898536
39.9028598511,46.5454439335,26.6062655479,65.2097643646
39.0098918111,46.4884013325,27.3523506093,65.4583244952
39.0574893002,45.8338651777,28.5033055284,65.7168945099
38.8658081665,46.4091238728,27.1365130593,65.9687583004
38.6588950177,46.1128044989,27.7393769381,66.1917976426
38.4319298349,45.8377411049,28.2354423087,66.427878386
37.4070422113,47.0888932705,26.6219902426,66.715819623
37.6755456689,46.4122772361,27.5773659814,67.0009234199
35.9498195825,46.7973959832,26.7049636482,67.2613125937
35.6287319565,46.9412313801,27.2235653758,67.5254349466
35.7224278608,47.0666690112,27.3131580042,67.7760375489
35.3762505643,47.1450642799,27.1826141791,68.0317184941
35.5020788394,46.8469159121,27.5292308902,68.2811780959
35.3101781613,46.7831723008,27.0243436636,68.52874576
34.378110231,47.4983716225,26.7445555552,68.8073277677
34.1632703712,47.6727498059,26.2363289613,69.0674615936
33.3754435857,47.3040467255,26.6752611613,69.3155726105
33.9060998586,47.4630724764,26.1413695856,69.5569518994
33.1654389031,47.9654168396,26.0477108006,69.8155533273
33.3153074545,47.6064731893,26.9246137287,70.0638350944
32.361497133,48.3430873935,26.0898894678,70.2972528802
32.5422046612,47.9510431943,26.292372267,70.5368929424
32.6066878247,47.1711234164,26.783717169,70.7991802743
31.1068648752,47.6199014045,26.4644125627,71.0748302917
29.8806510156,48.2302146782,26.857528904,71.3336485008
31.1641748585,47.6804333038,26.9245063454,71.5958478139
29.4653981239,48.4754908805,26.2873867019,71.8720290543
30.4523822665,47.3906500663,27.3581229547,72.1193687403
30.2926874111,47.4196409936,27.4304122558,72.3640964761
29.5819982262,47.6322086572,27.7906577,72.6539641742
26.8827002447,49.404804729,25.9154329391,72.9203855908
26.5526339578,48.45796673,27.1527000328,73.1612918175
25.8518173165,48.6589343601,27.0072149633,73.3998218474
25.2704448399,49.4284509468,25.7661712992,73.650777769
24.6190822504,49.3320567845,26.2776003528,73.9100581546
23.5513518972,49.7186286938,26.1745007261,74.1734608061
25.0709277254,48.5149957198,27.4017054467,74.4239557953
25.3783992783,48.0069536147,26.7284617122,74.662452546
24.5205680807,48.0928171055,27.1491131075,74.8937920927
23.4013424633,49.0978022961,25.9124530383,75.129763979
22.882245282,48.7483663132,27.036974608,75.3798306929
23.5412425872,48.6488891361,26.032350393,75.653824837
22.7432178839,48.9384678659,26.3063221049,75.9263848655
23.9206275918,47.9848342564,27.1408131609,76.1806397816
22.9300179327,48.0054867114,26.8109676748,76.4169030941
22.747898725,47.6744354151,27.8464154578,76.6622494496
22.2745974202,48.305357374,26.7178752498,76.9384966264
22.3032808062,48.2021567979,27.1287303569,77.206161503
21.1462138448,48.7841084736,26.4546950812,77.4598108622
21.4338589114,48.4431636629,27.326083467,77.7327736623
20.4904656564,49.243283056,25.8482268424,77.9742503006
21.1292527308,48.4605875682,27.0054682133,78.2354736314
21.1897391266,48.0315689614,27.3605383633,78.4668228197
21.2216466572,47.3226464242,28.0659371265,78.7328284019
19.8720599805,48.5236442377,26.5781445936,78.977985657
20.2672025687,48.1139813991,27.2069083246,79.2260500208
19.1668316085,48.5022996212,27.1442052815,79.4653193465
18.3691810871,48.7081182555,26.6324716945,79.7288510716
17.3280843664,48.7228617596,26.8149699217,79.9739492327
18.9025154854,47.9143042366,27.3871542895,80.2137395178
21.1652515802,46.9610850362,28.3122963084,80.4370985891
16.5228570756,48.7981101672,26.5157970122,80.7038014793
15.615675399,49.0448553627,25.9943497279,80.9778876855
18.4114767434,47.7272999346,27.4803781809,81.2499354632
16.6372920983,48.3439598174,26.4664601025,81.500575388
15.9915093414,47.9666674154,26.4393601368,81.7539314548
13.9066851183,48.8449035447,25.9116608091,82.0206362111
10.3205211376,49.880000983,24.4408991928,82.285575304
7.30744969782,51.2077656736,24.299249675,82.5596913681
10.3878574775,49.6083593263,25.7890644892,82.8272309035
12.3617128918,48.7970733526,25.9095731461,83.069878223
11.4353582249,49.4381653833,24.6422641906,83.2968609944
8.71155100343,49.1532847432,26.3758512032,83.5490277188
8.47590453649,49.8287251018,25.6787837371,83.8285063986
9.78837339884,49.9594024124,25.3652487404,84.0803589923
4.84904315227,51.3445264008,23.632396889,84.3427813072
6.27835095533,51.1282474516,24.3597170031,84.574486614
10.3725329469,50.5211661773,24.2004663675,84.808681951
8.35477834375,50.756005694,24.4304445377,85.0709605744
3.5810831734,51.0401959034,24.5959759949,85.3172306609
8.65933309062,50.752207922,24.2510144002,85.5705590469
8.8015768088,50.7617298708,24.4412376361,85.8225761705
8.43594587207,50.9483316803,23.6205000306,86.0771417961
9.92220387444,50.5247829291,24.137145817,86.3241238086
12.3257702119,49.9419806667,24.7590795406,86.588813774
10.0526131754,50.4131908718,24.8531125777,86.8760368646
8.68197772484,50.5498717492,24.3346184772,87.1331425948
10.8616194729,49.8476926979,25.6422105027,87.3947627878
8.69104477196,50.7523927913,24.2417492619,87.6433422016
11.9279907713,49.6652473466,26.1820293372,87.9386947464
9.54834541132,50.5950808565,24.2854530905,88.1987340221
10.4418120494,50.254908158,25.3783009298,88.4373862831
12.6247744521,49.5859677436,26.0896280997,88.6785030707
7.77262264688,50.5806161295,24.9237284879,88.9474991151
10.6821126915,49.9495265284,25.2353041126,89.2033044686
10.4555811411,49.8780292018,25.6849943485,89.4600438166
9.7821379101,50.3704007485,25.0843032367,89.7029499052
13.3414803638,49.5071637752,25.5507551245,89.9367810372
9.50530432606,50.357661355,25.5627869801,90.1891984442
9.10013011976,50.1366582543,25.5222722576,90.4164235005
8.67952592342,50.7816312019,24.2106351339,90.6708933318
9.8078143047,50.2549856017,25.5872537943,90.9309466034
6.70894250239,50.9199577441,25.0615805372,91.2117091759
10.0171482181,50.2593212454,25.4800951429,91.4476754638
10.6124956361,50.0121953302,26.0518994221,91.6902142372
10.6051142523,49.8001428124,25.9257998771,91.9355083413
6.70931549103,50.6799440755,24.8788194196,92.2330035064
5.17433750604,50.8667570642,24.6310561002,92.5011846771
10.6033990429,49.7656971812,25.9175585693,92.7688604395
10.836867163,49.9164294908,26.074815106,93.0209279484
6.52259956012,50.9289232025,24.939228041,93.2714024102
12.4220808056,49.4354803961,26.6319813849,93.5286045567
8.58676976209,50.640382903,24.6480004587,93.7889380578
5.87930515524,50.8799981861,24.554383247,94.0370465865
8.15108766419,50.3801747182,25.2493773611,94.3018615822
10.5547317066,49.8992995796,25.5529822292,94.5692953706
7.29828841169,50.905269424,24.3542188913,94.8014401494
9.10919532307,50.5977761639,24.7577038244,95.0395773604
11.2865668935,50.1412471999,24.8890695295,95.2888982472
10.2080280054,50.3278099658,24.975255452,95.5448289418
13.1168980623,49.0442907236,26.4584662396,95.7894462653
9.7390179468,50.2342222702,25.8782805399,96.0396952372
9.99961017632,50.3796551153,24.8555593069,96.2822383649
10.2031888428,50.3049145963,24.9095971394,96.5411209553
7.85435578971,50.8971945399,24.5900696847,96.7983775304
8.87024588184,50.7428059506,24.4496191843,97.0549262228
7.41889496647,50.7788137333,24.2864451515,97.3118926158
11.7971911069,49.6531226057,25.1216898783,97.5972610911
11.6769360411,49.6268716998,25.4341524203,97.8635273085
9.88383604842,50.5832270891,24.1606500434,98.1417398239
10.8089200522,50.0471872427,25.719904185,98.3882422427
11.1159219471,49.9342520217,25.889213857,98.6305639237
9.36447064168,50.4788308704,24.8964633,98.8744008967
10.0737703139,50.2017022709,25.6389186694,99.1457827795
11.1512686418,49.8080128949,26.0485283892,99.4342981604
3.66388263936,51.1595636644,23.8161271718,99.701234005
2.68990656411,51.5110331532,23.9621189673,99.926559037
6.3364226934,50.9485119055,24.9149383612,100.176196232
11.3380177174,53.0259588033,23.8155920385,100.431727576
7.18745529902,57.0164485172,24.169924504,100.682857047
8.39332306845,58.8097846269,23.3640674967,100.934314956
-11.672147817,64.7919830892,23.7885479752,101.202573881
-10.1673336913,73.1711374943,21.4888495463,101.444029681
-11.9780056138,74.2348370289,22.9053131675,101.658626372
-11.6219780978,74.5629948727,23.0191886152,101.893376258
-11.8017655067,74.1611354544,22.7022318526,102.142415671
-7.43871024301,74.7173692082,21.9146255707,102.42907115
-11.690568711,73.3807546167,23.5353763617,102.706677175
-7.62938631696,73.892295885,22.4690884456,102.953939106
-13.4003135948,73.7250390343,23.1737391212,103.214248347
-14.2103908554,73.6114415134,23.3596594201,103.486855651
-14.9476225716,73.5962170677,23.5923963956,103.744248453
-9.80505214192,74.5596463991,22.1155365147,103.99967094
-12.3551853102,74.0880351642,22.6391541709,104.246941269
-15.4783665813,72.9962187677,23.9371778919,104.49976238
-13.7524913406,73.0911035855,23.6203973942,104.756399714
-13.2363649266,73.7519340515,23.1045990039,105.006325846
-10.5485742893,74.1328281277,22.3204699598,105.268192056
-13.7617251749,73.612464933,23.2367134522,105.517257595
-13.8124473403,73.7182925608,23.1806616951,105.764966774
-14.5217339202,73.5213710117,23.4049951076,106.013838858
-10.6982814802,73.8792852576,22.6439336656,106.280126225
-13.5619589824,73.0804149867,23.8143698491,106.511485677
-16.507674622,73.0766526733,23.8588463409,106.759850175
-14.9812009097,73.5982751004,23.3950152099,107.01094419
-9.96520231681,74.2963122013,22.3583563444,107.270279626
-13.3156850276,73.7309736343,23.4163911051,107.559077103
-10.2230124793,74.4835036788,22.3158641803,107.82264615
-16.4580379592,72.9468061208,23.5869320689,108.074634971
-12.5688608733,73.401787953,22.8089944108,108.314675316
-12.7762213281,73.1626245357,23.3898724301,108.566364935
-18.6247965132,72.3248165725,24.28111412,108.842829826
-12.4407272165,74.1048498789,22.5367902219,109.103494253
-16.4985276211,73.1397328882,23.9192538705,109.371853639
-15.8338581913,73.8580264476,22.9330306805,109.640353605
-10.0121663773,75.0879329882,22.0416262417,109.868519188
-13.3645384915,74.0910320206,22.6755208515,110.099938978
-8.17779203976,75.1185220515,22.3021040958,110.355821153
-10.1588872035,75.4894706904,22.0530660983,110.632340162
-2.28013176141,76.7945577622,20.2543139836,110.883148349
0.305523712775,77.0389664649,20.1891338126,111.130245439
-2.13899546135,77.3899575169,20.5135298124,111.353546349
-0.924149306521,77.1955341646,20.0057215501,111.615352532
2.65931245906,77.4627926968,19.6298979335,111.863587335
2.73577682048,77.4097240772,19.2324784804,112.125916655
-0.558767784184,78.398740049,18.4412864916,112.412826548
2.32214196327,78.1700494438,18.9191661232,112.686745736
0.241260181075,78.346853871,18.3971364631,112.950836054
-0.940701504336,78.3409786296,18.9221625291,113.195923641
3.24021671124,78.3390142141,18.9507247621,113.45726547
2.35814954427,79.0297692595,17.4784307768,113.721517519
1.7524470973,79.0305988341,17.1045512439,113.979938244
3.52012241087,79.0602938502,17.4111844647,114.216016499
8.090273865,79.6148265565,16.9969013151,114.516702113
6.80242542227,80.4247474982,16.1574310766,114.769701439
9.02806035633,80.2240773879,16.1050555399,115.011625325
11.7229664292,80.0427776806,16.396221315,115.237360904
10.3485520996,80.6078086453,15.783778465,115.496927739
14.6640490203,79.8949617839,16.6347294775,115.748180997
10.8574323449,80.6638954265,14.9768818138,116.009222069
13.666154744,81.2283315798,15.0188070192,116.236785205
15.2118305682,81.1615388554,15.1992895412,116.480209143
13.2424773853,82.0998468003,14.3482956761,116.727573088
13.9674106361,81.1607929674,14.214981763,116.968239207
19.1380708942,80.5771989838,15.1827427307,117.229674965
16.6280175465,81.2684194373,15.1383642728,117.515274528
12.8519502036,82.9675362429,12.6564262253,117.792638269
14.5256678989,83.0978058626,12.4435370611,118.037354186
13.1222226663,83.2725512018,12.3961362521,118.273359973
11.2021052474,84.29183101,11.2966536787,118.536623288
10.9984724801,84.4285441654,11.1275383411,118.82082668
14.86932958,84.5616867134,11.3257538622,119.083285073
17.4901739924,83.0002004294,11.7903250999,119.330735172
16.2842488063,84.6419226563,9.92661625196,119.585663758
16.3149310455,84.9506697665,9.9589238772,119.829273686
17.6673247344,86.7030563752,7.45135165809,120.089492732
19.6831320568,86.8915611803,7.40686076827,120.335411365
17.5524843153,87.8765482705,6.3112810069,120.614227882
21.3572293783,87.5610242259,8.07166136561,120.876215079
20.0293792022,87.4217533144,8.33021315106,121.101342302
21.906906675,87.6229951917,8.66205583893,121.330398025
20.9579889631,87.8737509749,9.06621796171,121.596324608
20.5628011755,88.0425108005,8.44762613975,121.845331986
21.7889565442,89.9216140956,8.5091854152,122.107707648
24.9365295893,89.144234805,10.4608816046,122.339105978
27.4059066087,88.2743348821,11.5198135721,122.607203484
26.0206437895,89.8257823537,10.7882397789,122.871117142
30.5267034554,89.453906837,13.082254735,123.140614863
26.0610707985,92.2240601749,10.9337348831,123.390317683
30.5761766172,91.1575089002,13.3242624985,123.66256358
31.0258398865,91.5353796205,12.3404939216,123.924285166
31.2361221832,91.281778275,13.3168153863,124.199723689
35.5400939262,89.9220509633,15.7854877763,124.450637312
32.8788106374,91.2097857311,14.6531533497,124.708579065
32.9943470359,92.4645750749,15.7481271421,124.970060232
39.2267109829,90.7139188823,18.2750513428,125.21911924
44.6371490585,89.3914793775,21.4688315515,125.468446658
47.4950233153,88.2979056724,23.7172377752,125.743725317
43.8407000978,90.6743036243,21.3029389997,126.007024398
47.9790377191,89.0981245588,23.6340298871,126.240572813
47.7965184054,88.7761070579,23.6358177664,126.471634618
53.7751469635,86.7038369916,27.5278978118,126.725499203
48.7082728092,90.8191515229,24.4193124236,126.976087499
49.5069250571,92.0805567058,24.1404376528,127.234677108
49.6955478291,92.2885137197,23.9395344074,127.484544458
49.7198495391,92.5731188039,24.3320088116,127.735173497
50.5884457149,94.3725982123,24.7527183989,127.996101047
50.9991570919,94.9772555895,24.5266334985,128.242662249
50.9929108695,95.2405831193,24.9653932417,128.503950894
51.3848854278,95.7855391875,24.7129897452,128.777982049
51.9471995639,96.8924247987,24.8606627782,129.053827698
51.9142311548,96.9955702495,25.105377813,129.300478785
52.5045195005,98.1326116211,25.2232678714,129.525206036
53.3277288134,99.5794116964,25.1235593614,129.773932873
53.4005622127,100.221923259,25.8669532936,130.035269415
53.6356682784,100.576607037,25.750006902,130.307515624
54.0232295446,101.345416002,25.8340793939,130.571042684
54.3417939014,101.965936525,25.8584958903,130.820517526
54.6655697997,102.206752813,25.3319604169,131.056008885
54.8645438131,102.913309192,25.8279313357,131.303310005
54.8159495624,102.844116415,25.8659740714,131.551782116
55.2792065574,103.819067579,26.0133992897,131.802464029
55.5124022926,104.58626346,26.4549826978,132.062665035
56.0740094185,105.748809813,26.5811829314,132.308072351
56.4080779263,106.357942342,26.5496751228,132.550817642
57.0335952758,107.113815861,25.9492614376,132.797252569
57.8617379436,109.130736042,26.4910218517,133.084011928
58.5816604705,111.363802513,27.5263983268,133.341526028
59.4508956246,112.773907692,27.1269164273,133.605945095
59.8301002833,113.596419715,27.2243574494,133.867963394
59.7924807451,113.556870452,27.2563806067,134.142708964
59.1209287873,112.0764855,27.0993351292,134.405741501
59.2136489996,112.214038634,27.0435460345,134.647664143
59.2834341195,112.149601358,26.7857463428,134.884590551
59.1678520841,112.263671806,27.20238357,135.145354504
59.1600595741,112.180647727,27.1105636604,135.409465038
59.1941564218,112.094272715,26.9276964108,135.673438724
59.1491844789,112.0957841,27.0367543683,135.923079339
59.0518317603,112.160180908,27.3682964638,136.168645898
59.2561786913,112.47855253,27.2590893457,136.414926559
59.1690247998,112.418303874,27.390292089,136.653390652
59.2737580995,112.188590245,26.8578807036,136.903159409
59.2444863666,112.205215681,26.9446630189,137.177220111
59.3051737724,112.185895564,26.7638174102,137.427843552
59.1641515058,112.266433339,27.2224200983,137.659377797
59.2103840907,112.439416634,27.3209830798,137.886343462
59.3846252523,112.466058219,26.9180813296,138.131725896
59.2906521808,112.124599884,26.7389510865,138.421311499
59.355991294,112.375393316,26.8935102559,138.707456281
59.299773335,112.138013959,26.7172989223,138.959001587
59.2535127959,112.106328571,26.7942145096,139.221429189
59.2147178691,112.480018386,27.3608629233,139.468251959
59.0531074765,111.956896239,27.0989152244,139.729079672
59.1350700458,112.239890011,27.2603264945,140.001298822
59.2115907684,112.39466345,27.2671040872,140.275539605
59.1844513475,112.109409501,26.9720447171,140.55070132
59.3061577854,112.589152552,27.2695483786,140.789812025
59.3279918805,112.656782963,27.2900126855,141.020368422
59.2545007667,112.580421601,27.3735887811,141.270234217
59.301486583,112.619523221,27.3098731265,141.53167153
59.2875619273,112.469011349,27.1687579593,141.781881313
59.218051787,112.265391685,27.0788994907,142.042214192
59.3359419215,112.459786713,27.0402391707,142.266909408
59.3120563676,112.688207445,27.378700198,142.531721604
59.3170624631,112.441838571,27.0602212617,142.776726459
59.2545932167,112.234142485,26.9530009472,143.02508536
59.4477767378,112.467159543,26.7705344241,143.25923591
59.341535057,112.605967282,27.209883735,143.536635417
59.2667849579,112.488961789,27.2441712589,143.810867492
59.3071809382,112.765963958,27.4803604056,144.075380487
59.3445979281,112.567829791,27.1400400008,144.328668751
59.2542085139,112.589280563,27.3990364441,144.59254602
59.4600094979,112.664650336,26.9824757779,144.852902537
59.3544015936,112.732356443,27.3147997943,145.104050358
59.2310152608,112.569247373,27.416328504,145.374514108
59.4503093415,112.584015177,26.9151770178,145.642739444
59.3525470544,112.806489455,27.4046389596,145.899508961
59.4013583514,112.530368231,26.9568811587,146.148493323
59.2481013359,112.546915787,27.3599869421,146.398504365
59.3210581836,112.634539908,27.2787196946,146.646067052
59.3766718773,112.381762914,26.8326398576,146.921536056
59.3820971824,112.449032741,26.9078881837,147.159171902
59.4282180259,112.31474328,26.6254261834,147.388527137
59.2879394716,112.301976211,26.9675991836,147.641130535
59.2480540975,112.307151722,27.0551540932,147.890046162
59.2496890459,112.547908123,27.3589759554,148.138036192
59.4046965694,112.419436046,26.8284081907,148.387211832
59.3824464308,112.392953198,26.8306137801,148.652866272
59.3502986921,112.157748365,26.617841261,148.911040979
59.1886065658,112.345929324,27.2625579235,149.173472936
59.2437885806,112.15781206,26.8975915098,149.408449557
59.3831544335,112.286950245,26.7182456183,149.708419201
59.3722933601,112.382011755,26.8449247282,149.993989218
59.4469229004,112.431955365,26.7288906304,150.245083232
59.2797058137,112.52523521,27.2488049795,150.477130973
59.2184729173,112.345636771,27.1870295307,150.741808497
59.2779008678,112.545426113,27.2869822213,151.011931369
59.3151079182,112.571753846,27.2140971019,151.274987233
59.3922811534,112.583973728,27.0443670484,151.536646303
59.4024512541,112.548407405,26.9793748353,151.788913487
59.3795747457,112.450167244,26.9086022426,152.038713656
59.2467297527,112.419510737,27.2116956699,152.272355066
59.2878671794,112.269324147,26.913140093,152.519947923
59.3484751294,112.184149052,26.6753716644,152.782415025
59.416361084,112.179585221,26.4869666915,153.042544807
59.4469615779,112.206526787,26.441293816,153.280067442
59.4292425365,112.314388258,26.6283207197,153.504533746
59.3292901227,112.219078748,26.7662252417,153.739599318
58.9192783799,112.579465567,28.1670095667,154.014253448
59.267908764,112.354378052,27.0610988608,154.287749959
58.8554846804,111.260885105,26.7235504203,154.550770056
59.4509090897,112.722611849,27.0769455061,154.823776088
59.3134230776,113.108789034,27.8681845772,155.088274153
59.3311375768,112.759287412,27.4141319437,155.353452421
59.4904892917,112.722056873,26.9732450968,155.605817888
59.9699960968,113.483449575,26.7308645624,155.881149109
60.2784571089,114.417744333,27.128028544,156.130835756
60.7773293132,114.870265618,26.4529630268,156.376060191
61.8021279244,116.739305002,26.2224916098,156.632299729
63.5584721708,118.700620084,24.2385932713,156.891688661
63.8227182357,119.410365084,24.4542489086,157.151870695
64.3789461232,120.23782297,24.0716325142,157.399874099
65.1348539726,121.078283823,23.1769496024,157.637221629
65.9086663851,122.211019328,22.6009365446,157.898681957
66.5385676016,123.06173944,22.0366050236,158.161905461
67.1993103933,123.547714959,20.8961545505,158.39887168
67.7003223528,124.018159851,20.1158229994,158.620254216
68.5523323355,124.958864659,19.026281729,158.894474472
68.5826479337,125.014385996,19.0232550101,159.154205837
68.9493075333,125.515185118,18.6637411905,159.429254652
68.8809821389,125.610330298,19.0094890996,159.715152795
69.4552484607,126.1107334,18.0299776898,159.967029959
70.2834231772,127.103021038,17.0189250822,160.226578134
71.0824525542,128.488256636,16.6926542734,160.463114522
71.9084684917,128.815349698,14.5026908834,160.723401059
72.0015996587,129.362328675,15.1539734858,161.008700488
73.0837421672,129.633244079,11.5218183262,161.283706693
73.6160883804,129.73100461,9.00532043445,161.522151192
93.1760541788,128.414551116,35.1076677458,161.771476744
93.3954792157,128.37951715,35.3652741238,162.015528321
95.9604570658,128.945390475,37.5802606817,162.285485108
96.0759006073,128.937128006,37.7102931809,162.539651383
96.86220871,128.982237904,38.4936039668,162.789110985
97.740279766,128.995892203,39.392072432,163.040318522
99.8978811853,129.259729316,41.372014113,163.26950674
99.2120801416,128.740628965,41.1359439349,163.510952276
101.529115129,127.97691054,44.0954787656,163.762412051
102.939571141,126.865340684,46.3757748964,164.014021738
103.321463708,126.610452782,46.9458631826,164.269462886
103.750162645,126.758007664,47.2241245092,164.531865918
103.890925125,125.906477775,48.0359976819,164.797213692
104.460167412,125.270330629,49.0611383779,165.066579228
104.924017916,123.680780824,50.7094262721,165.327372107
104.91796028,123.106464685,51.1452756873,165.588317074
105.520800029,122.729689933,51.9525990664,165.860696711
105.521218129,122.713530671,51.9631031302,166.124573047
106.054524659,121.835465545,53.0739360242,166.377916673
105.689991386,121.464035588,53.0410324765,166.63254668
105.66385762,121.23782668,53.1846084482,166.903179936
106.24333816,119.358189811,55.0320039935,167.157116056
106.788039229,118.405413087,56.1533503282,167.405818323
106.798264418,118.380891229,56.1785219414,167.665809079
107.589254952,114.571284271,59.4080670903,167.935509274
107.691295706,112.901273732,60.5878408896,168.176744561
108.019192417,112.985653535,60.7799886927,168.421102493
108.1298951,113.110556496,60.7812460363,168.659406722
107.832221762,113.111529683,60.5571040185,168.923020246
107.899754417,112.997621955,60.682264117,169.184024929
108.100825274,113.834528488,60.2856154111,169.433086736
107.887469173,113.618084919,60.2664797006,169.668560367
107.790436088,113.559408133,60.2316097991,169.929012678
107.844166625,113.502951064,60.3088918925,170.190721512
107.88744302,113.574342035,60.2947686044,170.464345852
107.985878587,113.708393413,60.2811555405,170.750302467
107.606871722,113.333886276,60.2404316567,171.014248472
107.734414329,113.43027399,60.2737767586,171.264909546
107.868133057,113.59667138,60.2660689185,171.496766009
107.645415528,113.383031263,60.23699278,171.747000674
107.785401434,113.511393368,60.2587744262,172.019329614
108.172619744,113.856504528,60.3255147383,172.293966015
108.069198343,113.61463653,60.4059001804,172.558461282
107.939513767,113.691837023,60.2573159835,172.795806013
107.917771965,113.505979271,60.3629384185,173.028005842
107.707513566,113.673160927,60.0935137152,173.290028185
107.82732327,113.510718936,60.2912350814,173.538859836
107.86348006,113.491965697,60.3306583397,173.786260793
107.870834553,113.550099721,60.2981195797,174.049271248
108.165690391,113.736523662,60.3986325882,174.276201768
108.012960716,113.76739106,60.2635738931,174.483282958
107.820998241,113.439615059,60.3331524641,174.732628727
108.030430416,113.554321534,60.4163132075,175.018278676
107.923324935,113.543567451,60.3421376875,175.280573472
107.767658311,113.442002753,60.2909957302,175.553739369
107.912207236,113.480999739,60.3751269324,175.793112264
107.844297098,113.341728094,60.4147029247,176.056693752
107.701765352,113.461840717,60.2285497174,176.311651886
107.872230833,113.520189784,60.3192237054,176.563052567
107.758100314,113.413893032,60.3025169427,176.822776468
107.617862406,113.263918422,60.2946072603,177.085590668
107.841630908,113.266951253,60.4620403974,177.331994183
108.020502714,113.567356133,60.4005282001,177.586585934
107.763407237,113.138979379,60.4868577543,177.821986476
107.532280378,113.205463911,60.2680008705,178.068533059
107.908526445,113.590104466,60.3004744564,178.32625461
107.675720821,113.430277063,60.2290375812,178.566140378
107.783355556,113.450632905,60.2977891168,178.814772044
107.763736072,113.392338948,60.3208183597,179.079938493
107.883332367,113.369427998,60.4262182387,179.320607722
107.757663648,113.334669369,60.3542998356,179.573236623
107.807754048,113.515167208,60.2737086023,179.835629079
108.088215792,113.611240901,60.4228389556,180.121583517
107.841825471,113.447565101,60.3439423039,180.406899119
108.107739385,113.571907243,60.462729416,180.66038737
107.975254824,113.471491134,60.4293539813,180.905314159
107.835327703,113.386682788,60.3786694078,181.16705285
107.881452594,113.278676282,60.4844028964,181.414656904
108.082156809,113.56024684,60.4513669786,181.689998078
108.13816583,113.667109581,60.4233916095,181.937237926
107.936686747,113.479500473,60.3945298998,182.215623369
108.147537372,113.659760093,60.4353764171,182.453068248
108.040632211,113.681266348,60.340490909,182.6972066
108.290511018,113.807118391,60.4469335104,182.933655281
108.170861739,113.779974644,60.3743875404,183.207132509
108.30242087,113.867634636,60.416091274,183.469337732
107.87630293,113.372694953,60.4189550185,183.721544578
107.825090854,113.51941614,60.2839827511,183.946127204
107.951510149,113.57905369,60.34077367,184.191359726
107.98802963,113.676618267,60.3036610533,184.450207171
107.934349498,113.658035682,60.2752523225,184.700006718
107.86058929,113.537417003,60.2991213041,184.961470779
108.142070208,113.672465761,60.4231114854,185.236673237
107.738377358,113.308558014,60.3570060965,185.501890072
108.00309786,113.70116691,60.2993180046,185.746413467
107.84208684,113.582344481,60.2556788475,186.005734596
108.002229002,113.659444774,60.3261198586,186.269660384
107.985686833,113.705722237,60.2827294749,186.539591667
107.887295598,113.310051109,60.4682673325,186.800174607
107.901386197,113.460795998,60.3804561413,187.040716318
107.846977821,113.616932426,60.2363743159,187.29721027
107.919535301,113.645156868,60.2728180048,187.56329112
107.876501683,113.521745178,60.3213879383,187.810725356
107.900007336,113.40062836,60.4189363322,188.044588212
107.760985047,113.315453866,60.3692115545,188.309058286
108.037755606,113.480338834,60.470313122,188.571582615
107.967209312,113.54303679,60.3757371369,188.822079782
107.955115143,113.581632425,60.3411756651,189.043227808
108.072823706,113.720369268,60.3393323011,189.302361703
108.07102985,113.996659459,60.1562895016,189.541998344
107.869795994,113.667461056,60.2207385514,189.815116343
107.820094379,113.42557817,60.3421218993,190.06462011
107.843731191,113.479749299,60.3237471124,190.348741393
108.071373427,113.578880789,60.4309937974,190.616121997
108.088477748,113.33642408,60.6028681925,190.860643526
108.31232509,113.760414051,60.4937007174,191.122880473
108.162236309,113.67001107,60.4397966163,191.381413787
107.90683447,113.801202069,60.160283448,191.657917556
108.156532374,113.732755542,60.3949096245,191.908448623
108.200555082,113.690163218,60.455339409,192.157111391
108.271251842,113.887294763,60.3797923611,192.401929944
108.108066746,113.861673097,60.2733604919,192.65111647
108.30239366,113.863944909,60.4181839275,192.888207097
108.115612383,113.815253672,60.3093840407,193.160677863
107.694206105,113.368479042,60.283713278,193.424080203
107.968952988,113.599059331,60.3407653918,193.689008411
108.386108951,114.078859062,60.3404361309,193.910317235
108.150917245,113.688697862,60.4196511147,194.130055094
108.332586573,113.707596699,60.5434474836,194.377227451
108.150188607,113.709818188,60.4047104618,194.641824421
108.183267698,113.596534117,60.5040120584,194.915767558
108.217717414,113.853300975,60.3613740433,195.193386335
107.866657279,113.493450688,60.3334582665,195.454973871
108.070603501,113.827613049,60.2670310871,195.699030736
108.217149475,113.860609588,60.3558590074,195.96145585
108.184135556,113.797603336,60.3730634548,196.224060734
107.932186091,113.536371603,60.3536602595,196.509861838
108.202536879,113.661635822,60.476264924,196.761182587
108.137758003,113.623585769,60.4519482965,196.998615026
108.054108299,113.611633673,60.3962906244,197.243412119
108.078260641,113.48394225,60.4985837935,197.518520339
107.906135615,113.61240864,60.284483503,197.766530585
107.997756412,113.706860651,60.2911528489,198.014185335
107.874565349,113.619950555,60.2552417037,198.290866074
108.344226842,113.931182721,60.4061063851,198.529148532
108.155834938,113.655282483,60.444983401,198.774095537
107.870645655,113.679021075,60.2137090946,199.02351906
108.133959679,113.826845571,60.3156916554,199.271621991
107.928023482,113.793333484,60.1820102585,199.517914471
107.876695955,113.663419605,60.2281098902,199.781540746
107.981545013,113.644304908,60.3200199334,200.033186511
107.947720601,113.761768191,60.217498824,200.302049439
108.296271123,114.081525165,60.2712807193,200.56647317
108.157071939,113.791793182,60.3565259525,200.840154428
108.053539627,113.645336663,60.3743521284,201.088432463
108.115412248,113.771830092,60.3374845308,201.357094782
108.002339577,113.752739427,60.264602763,201.638085955
108.192123074,113.65162091,60.4747857321,201.885103735
108.097254403,113.852855887,60.2711847238,202.13532036
107.87359099,113.611349484,60.2604391844,202.393740463
107.95395143,113.388781413,60.4669498904,202.644467474
107.674845366,111.211439906,61.6709039223,202.909692706
107.869945776,111.410239271,61.6888681946,203.169069196
107.705090981,109.680897311,62.6687665221,203.418458819
106.420398942,104.877197938,64.7106447706,203.656224049
105.239884791,99.0334463091,67.3351769493,203.89197791
123.735408176,90.1226968146,47.0050522832,204.111640503
120.918348274,85.6368175983,50.4396775738,204.369484595
124.374290336,83.2299050316,47.1820255913,204.64837047
125.514069811,75.8005203439,47.6531447169,204.912765277
125.46892233,70.9944416383,47.9596182412,205.158335879
127.585797378,69.5983125938,46.9688467841,205.41893157
129.288272382,59.1538773644,49.5282116828,205.69599953
129.857779566,59.7780234045,47.4265007704,205.966580224
128.737557858,58.9389585623,49.2235888934,206.24057499
129.051675583,59.6104967002,48.4207206031,206.502737603
129.194345151,60.1599199049,47.6427726837,206.750095328
128.936453841,61.3778857992,47.636193861,206.985436775
125.072548505,45.332391886,67.4869188028,207.247155251
125.466918551,45.7262356328,67.7668662736,207.535925669
125.694267885,45.4132286456,67.4881017795,207.797096748
128.766774971,60.1026881926,50.0153438138,208.06120666
128.757227102,60.275115931,49.9230095374,208.284232006
126.29676778,45.4410022737,67.4462505979,208.547151954
126.011008424,45.2294591502,67.3045158764,208.792281217
125.735886871,45.3404759313,67.4242658935,209.041098562
126.072598059,45.5105487369,67.5270436837,209.289570051
128.932398518,60.0004088475,49.5328407045,209.554710064
129.050641136,61.2855632059,47.9824961276,209.778479993
126.035629408,45.1924485527,67.2711229398,210.028090751
125.753150036,45.6800517105,67.6991670729,210.249443429
129.624439855,61.3926163931,48.4127903989,210.523952623
125.357252017,45.6482819968,67.7149641265,210.799672309
128.946565566,60.0673557759,50.3309664886,211.058188828
130.166367722,61.795819033,46.948609532,211.319786627
129.498536662,61.8622623256,47.3292623074,211.583077001
130.135207803,62.2523807512,47.0328478826,211.853069244
129.373599813,61.0162727604,48.1394625857,212.10244798
129.413477389,61.2577307607,48.2395867484,212.359978875
126.211343093,45.4022943705,67.4237940559,212.628497814
129.330867385,60.5581571625,48.1855911229,212.902654622
128.652384368,59.1812258705,50.9315374949,213.151877849
129.88625445,60.5852119072,48.1463326618,213.396853468
129.773775033,61.2921655227,47.750289027,213.657510741
125.484575952,45.539819927,67.6138820365,213.910038249
128.700138361,60.7985887917,48.8989989429,214.170151237
125.398353854,45.18872283,67.3359381052,214.434714617
128.321082124,59.8021377708,50.4800109272,214.69664863
129.27569211,60.4426574252,48.5909145815,214.923869643
127.917107208,59.4249985088,50.7733801464,215.163952287
125.835056787,45.9043489472,67.8724196695,215.38462072
125.469813595,45.7837816037,67.8133318372,215.671216171
128.723759196,60.9204588681,49.6792240507,215.949587307
128.175212169,60.1107144462,50.3149372637,216.212043212
125.774067966,45.6342570103,67.6587354887,216.453259837
129.520443533,61.6137622258,47.7802020983,216.708609234
129.121312304,60.7271246567,48.9188017979,216.967492136
128.225241447,59.2463684903,50.9958796987,217.229985363
125.619959118,45.333633614,67.4309441952,217.504355842
126.297635337,45.1737528727,67.2277650766,217.780812958
129.443040389,61.0881816688,47.7587999544,218.031619279
129.740964447,61.519164581,47.1219805663,218.24658826
128.794981982,61.3090284028,48.374807702,218.508635796
129.578899281,61.8954841177,47.059667052,218.772463612
129.217958093,61.2938879318,48.3033729024,219.033892839
129.284693733,60.3219822251,48.7245096236,219.270107943
129.75718311,60.9785316841,47.8811032833,219.520991708
130.094433487,61.6654290797,47.016385655,219.742036786
125.927297949,45.3077057637,67.377267161,220.008188548
129.198314203,61.0543858831,48.0268713137,220.24258947
129.137493685,61.3349699106,48.1932633701,220.500567301
128.606413683,59.7438094827,50.0338421906,220.775414575
125.926784108,44.8895637867,67.0346695226,221.040937764
128.671435127,60.9017282056,49.4984959229,221.291145992
125.418473391,45.20913825,67.3503814309,221.551526147
129.612907022,61.2329543276,47.8067324421,221.810569535
126.003257099,45.6287087519,67.6320493067,222.073568481
128.370035613,60.5870826033,49.6132741857,222.329941136
129.615525106,61.2023759352,48.716065159,222.593462287
129.422953965,60.299495809,49.0062033579,222.857489778
130.181121115,62.1021124255,47.0317070777,223.102375512
129.619432849,62.4580085258,46.6908120521,223.348392428
128.931151023,61.3116046811,48.493371301,223.599344929
125.550445299,45.5364729532,67.6037766803,223.852178481
129.343796147,59.0307574571,50.9029762396,224.107657885
133.850443866,59.3208334501,47.7888836831,224.348468006
136.86915722,43.8303056896,64.7744404772,224.599620182
139.61374011,43.2318899977,63.8597898921,224.844146998
141.500506078,43.2252998219,63.5583285138,225.082505345
145.661639929,43.4444068826,63.0570788294,225.329902259
149.576410033,43.2513428741,62.2050834742,225.631893536
153.018553721,42.7688514573,61.1571888264,225.907931085
151.692969297,42.6522842402,61.3030690377,226.165811879
151.866920252,43.2399234193,61.7774252714,226.398577143
150.456250159,43.0666125254,61.8870563734,226.663457142
150.348602613,43.0263165135,61.8718364265,226.934258039
149.793193537,42.6281426474,61.6289478891,227.209973992
149.869134328,42.8063806377,61.7692884176,227.460732105
149.952200799,42.7545621976,61.7094304498,227.693969188
149.683220364,42.7165993307,61.7264656348,227.943458337
149.974658168,42.7519143153,61.7031132357,228.180266868
149.343970687,42.6938402284,61.766803728,228.4411798
149.92072443,42.7933152165,61.7487884589,228.703404617
150.176296867,42.7979390801,61.7069277772,228.97799281
149.929799115,42.8673183581,61.8116371994,229.20406087
149.680316395,42.7794840287,61.7806617555,229.437356425
149.792847836,42.792777349,61.7719374857,229.659252145
149.968678395,42.8682378627,61.8051750371,229.94703134
150.093762734,42.8459079857,61.7627082896,230.219315805
150.242919265,42.9164286558,61.796798583,230.494060752
150.26645311,42.9201495082,61.7954545004,230.770949253
150.097204932,42.6758404535,61.6150349179,231.017535648
150.595856387,42.9396665291,61.753238905,231.27920436
150.118125729,42.9708887846,61.8661187915,231.540479009
150.158972868,42.8926077968,61.7911117678,231.813013223
150.031251898,42.6095176052,61.570090326,232.075082218
150.128173517,43.1641275339,62.0312301471,232.321650262
150.099197402,42.7395743908,61.670152109,232.561377099
149.834213217,42.6757948296,61.6633090978,232.834479237
150.346311716,42.8750366639,61.7421879416,233.08406418
150.102562475,42.6485060986,61.5903135908,233.331961214
149.995105143,42.6895016592,61.6454994145,233.567694859
149.73897371,42.7831251062,61.7728276156,233.829411779
149.409712053,42.5928524752,61.6677789417,234.068652491
149.620582616,42.5098157122,61.5583545817,234.314811854
150.089413962,42.7529803414,61.6831326062,234.578914613
150.053295872,42.7821747903,61.7150164353,234.849097201
149.779295965,42.7110628688,61.7037492474,235.112928439
149.927345623,42.7891663533,61.7437781541,235.368026842
149.846070703,42.728618106,61.7060531886,235.636659304
149.908603789,42.5642271247,61.5531779972,235.900380129
149.951296124,42.6521036264,61.6218059497,236.154090448
150.068202134,42.7804319291,61.7113649852,236.404405979
149.88377364,42.5743055062,61.5657838057,236.655067675
149.874273227,42.7508601416,61.720495391,236.91658181
149.929469193,42.818091088,61.76845322,237.191131437
149.613404948,42.5496123801,61.5936175582,237.428380684
150.134109504,42.9330677631,61.8305223461,237.66309387
150.291152307,42.815475874,61.701620633,237.924517187
149.880539243,42.5908010907,61.5808192256,238.172573776
149.689630752,42.7517609766,61.7551636834,238.434543556
150.171366079,42.9233752592,61.8160240647,238.684547443
149.6322207,42.8504595445,61.8503439308,238.936048273
149.784286348,42.5792466178,61.5886832495,239.178605085
149.874006779,42.6000724733,61.5905687384,239.427111098
149.872871863,42.8167302294,61.7783142279,239.690860227
149.916015306,42.8605344189,61.8072462628,239.976646714
150.120110072,42.7570393299,61.6822120207,240.251377665
150.100163876,42.4818553923,61.4461800415,240.516232161
150.317585386,42.8556507172,61.7303849324,240.749652435
150.188556365,42.6655647695,61.5897503302,241.010649964
149.642143812,42.5773569258,61.6124266625,241.273497133
150.055809217,42.6030836824,61.5602212159,241.533446524
149.823574202,42.6625240968,61.6537395141,241.795406973
150.062854514,42.7055199139,61.6477279817,242.058465014
149.995625951,42.8078159064,61.7483434437,242.295527027
149.64716182,42.8079951465,61.8113776783,242.529008883
149.913692111,42.5856572113,61.5702633182,242.777504944
150.232055545,42.842485535,61.734647542,243.039661647
150.234793999,43.1144819806,61.9684460105,243.288418342
150.114535268,42.884442124,61.7922209395,243.53847386
149.544848493,42.8329590545,61.8511299839,243.764946868
149.600830986,42.8487923011,61.8543524231,244.035021221
149.771881834,42.877371879,61.8485011123,244.295557507
149.679843449,42.6392651794,61.6596438715,244.542848674
149.630867603,42.74668652,61.76114852,244.817205468
149.997404616,42.5869324815,61.5573810599,245.080020291
149.965120409,42.7546845856,61.7072703724,245.353557235
149.724549329,42.733596611,61.7335161165,245.590002805
149.851546715,42.6264495526,61.6182018448,245.863517356
149.387334711,42.7412492884,61.8006425717,246.125669394
149.871103841,42.9434053884,61.8871562882,246.36959252
149.702159902,42.773250311,61.7717481763,246.623149195
149.714079931,42.8686809126,61.8511225777,246.89832926
149.807243753,42.8529109803,61.8211568001,247.145128703
149.960631226,42.9000435297,61.8340527312,247.377017201
150.727354764,43.0538213796,61.8265267536,247.614553832
150.202848256,42.8292732209,61.7291840545,247.862501563
149.731150527,42.6884465315,61.6937262201,248.124174318
150.128009481,42.7489532826,61.6726839514,248.374332161
149.877396192,42.8851022659,61.8355815796,248.617663415
149.812319408,42.7567365822,61.7379287779,248.861596182
150.258641858,42.8571323361,61.7437742891,249.132165679
149.948480608,42.8845055843,61.8227281852,249.395509859
150.046926052,42.749960678,61.6892833501,249.672016427
150.034485403,42.9258148561,61.8430819123,249.958903615
150.032119634,42.7131190867,61.6597063581,250.223713946
149.565256837,43.0165571846,62.0053810127,250.455348651
150.000612346,42.9219941082,61.8457953399,250.692660102
150.189761911,42.9574034988,61.8416170122,250.950571376
149.710092326,42.8375208777,61.8259213821,251.215101166
149.70837039,42.6416504639,61.6564432843,251.475083525
149.994510879,42.7729090723,61.7181955076,251.725975998
150.099734505,43.0001008044,61.8949934366,251.988122438
149.892474609,42.6326789275,61.6155392551,252.221317533
150.200730464,42.8638608773,61.7589130914,252.485085944
149.586027443,42.6636940696,61.6975467571,252.723076665
149.671115623,42.5054721801,61.5458617912,252.995047309
149.350717289,42.4695110875,61.571440495,253.270179477
149.861905687,42.7569738843,61.7282241611,253.534568997
152.743055728,42.7791055156,61.2163854683,253.761932147
152.885541664,41.7164807817,60.2589959551,254.02837689
156.865092737,40.7585017182,58.6324013864,254.307957895
162.71295923,37.317816171,54.1983505282,254.564439407
172.411535926,33.6294239207,48.2810499077,254.819186669
173.760433537,31.0536815867,45.1153131138,255.082631308
174.47442395,31.304877867,45.2365178747,255.334994598
174.213682085,31.1495161684,45.1204456682,255.584638635
172.375856765,30.8286814366,45.1832047732,255.83633945
169.497802375,30.5945052901,45.5947798956,256.081943953
157.403230173,29.9464654107,47.7087081957,256.347574133
152.225286038,29.5014117282,48.3836339942,256.58363155
140.106276986,28.1177044351,49.33726581,256.84931647
139.644561153,27.9478807899,49.2405654492,257.088199819
139.256904166,27.1961704944,48.4980999438,257.337394121
138.835096865,27.0042692514,48.3637489036,257.561688742
139.322349246,27.5069799083,48.822388896,257.825185011
139.568719625,28.0738394822,49.3922710345,258.111626818
139.748973799,27.9507620305,49.2244738572,258.383414582
139.057793041,27.2427471322,48.5828169872,258.634281863
139.091535492,27.1198191836,48.4460165186,258.895497418
138.787005939,27.0247472711,48.3973141993,259.157679625
139.251087481,27.5944600401,48.9286387596,259.400320102
138.972799019,27.7208223541,49.1157971067,259.679556186
138.511836863,27.1892649715,48.6251257775,259.943007357
139.30888724,27.9148087319,49.2639407745,260.206185452
138.825727984,27.8054855182,49.2343423438,260.436904512
138.450051979,27.3413312596,48.801444551,260.676081465
138.997716057,27.5561174184,48.9355930698,260.911335516
140.485181695,26.6087330004,47.6277359398,261.186985844
142.650014888,24.2539212615,44.557526716,261.44724159
142.127370803,20.7716407453,40.5815315957,261.690723378
134.614103488,0.0631039157788,-5.71231918091,261.910157992
135.614533446,0.036903630338,-4.7088087857,262.14540489
136.109500312,0.012082926686,-3.21495826268,262.417800388
136.543307544,0.0194178918977,-3.75210205885,262.69489012
137.082315712,0.00623840886312,-2.54562139056,262.957313056
137.770561634,0.000528592122258,-1.11288388243,263.237979524
138.027108618,5.3717341674e-05,-0.566857930557,263.495018073
138.908961519,-0.00388641347824,2.13148137429,263.734630144
139.786095623,-0.00438794391882,2.20835940047,263.992533331
140.2969404,-0.0134746996923,3.18288809868,264.252788143
141.199677829,-0.0664331421928,5.40461103888,264.539191384
142.197822271,-0.201969566252,7.85357088466,264.775406488
142.168887545,-0.165507456902,7.32362294246,265.01099613
142.687405612,-0.235173196867,8.23853963408,265.276421037
143.812913171,-0.535432087622,10.9531203732,265.536964166
143.974833415,-0.649914604433,11.7555750495,265.779669335
144.381956394,-0.826308432399,12.8224542344,266.021055778
144.445938692,-0.823808992059,12.79785984,266.267022308
144.687160798,-0.913999921027,13.2873449645,266.515907455
145.212431784,-1.2395559799,14.9038957257,266.766697292
145.427101603,-1.27581836421,15.0413410651,267.017825208
146.164846507,-1.78141181201,17.1364243775,267.276793018
145.927147865,-2.39488050208,19.5499547759,267.533117464
145.562473297,-2.58744936127,20.3195680873,267.796221225
144.159224492,-2.63494284046,20.7852706408,268.063320355
142.914747169,-2.42472016103,20.2809367015,268.354472568
142.442179033,-2.38360301769,20.2232598823,268.608939289
141.235267098,-2.3037952115,20.1621132736,268.857171604
137.807740156,-2.23342590246,20.5348408899,269.096458347
137.722645232,-2.15346862428,20.236163864,269.347092674
137.66996306,-2.15899730888,20.2675384647,269.624846434
144.754822696,-3.04383709663,22.0681936336,269.895896769
146.971637178,-2.7348310034,20.5315364249,270.133696833
146.968369754,-2.67977107636,20.3419665537,270.366717757
146.758150345,-2.61481949244,20.1601964219,270.608623293
147.035185541,-2.78574149178,20.6917155692,270.848310319
147.163632297,-2.80970682141,20.7458085654,271.09433812
147.217173773,-3.0140803398,21.4232446917,271.351173885
146.976511331,-2.77279358103,20.6618002672,271.645403023
147.039665507,-2.95044096334,21.248117088,271.889029436
146.896580636,-2.75892194095,20.6308068335,272.139519759
146.908053964,-2.73179344429,20.5350139974,272.410374151
146.926227565,-2.74143885115,20.564921235,272.684932176
146.95473232,-2.8306252744,20.8638621435,272.958925698
146.968791023,-2.89191115136,21.0696600575,273.211094288
146.91600027,-2.69394535783,20.400933794,273.455724986
146.995419254,-2.90285189476,21.0996874235,273.719151586
146.955877317,-2.89741247587,21.0898529753,273.97688029
146.815558577,-2.69619768158,20.4312285081,274.23136785
146.959514428,-2.80485894125,20.7759517156,274.487561046
147.11357805,-2.95808675277,21.2588474257,274.743853457
147.050844137,-2.77263127781,20.6425668054,274.98041566
147.215871423,-3.01085150444,21.41361971,275.214281316
147.278820683,-3.04244273316,21.5038683054,275.485805335
147.188024018,-3.03027278926,21.4841503644,275.737232141
147.288069345,-3.0303791269,21.4621039962,275.985336627
147.243775631,-3.09356108229,21.6786145153,276.205340098
147.224027926,-2.99347660728,21.352895993,276.485533503
147.105011328,-2.81328302634,20.7712025201,276.742133203
147.222176641,-3.07408649095,21.6212275056,277.004702941
147.082613488,-2.77095179734,20.6306840389,277.278484347
147.081238533,-2.7963041465,20.7194879719,277.550731489
147.138663243,-2.892265944,21.0326844116,277.815436695
147.101545006,-2.86052093622,20.9325065409,278.062577016
147.169024185,-2.95615079611,21.2404156928,278.312690383
147.201837593,-2.95152153853,21.2171868787,278.576089925
147.313700708,-3.18530985581,21.9662525136,278.833469664
147.194866833,-2.90108354398,21.0500670117,279.072219585
147.232276646,-2.99707224829,21.3618172361,279.35776752
147.145579732,-2.92653528177,21.1459288891,279.610932309
147.182795193,-2.89489086843,21.0314210876,279.856498245
147.208422417,-3.05438529307,21.5592407167,280.080139723
147.215887257,-2.99310403087,21.3535395946,280.328788183
147.225360837,-3.02758026556,21.4664914549,280.575099013
147.182521641,-3.0266087266,21.4729125754,280.85234581
147.198867993,-2.97486578999,21.2968297058,281.089230852
147.259484758,-3.11349070996,21.7413513041,281.327487806
147.280060116,-3.14459554747,21.8410944787,281.572220519
147.315073817,-3.19963024042,22.0131213325,281.834354828
147.221713849,-3.08210815865,21.6484531437,282.089669702
147.267505894,-3.11765709804,21.7554400987,282.365406183
147.274129368,-3.11936516268,21.7584228748,282.643328828
147.28179874,-3.09822912931,21.6883091873,282.894901192
147.235122423,-3.04214665277,21.5130630381,283.12804528
147.225771573,-2.92936319099,21.1385199017,283.396876483
147.129314722,-2.93609294792,21.1821590753,283.661789761
147.227949618,-3.05417248537,21.5548527304,283.922851983
147.165686077,-2.95322265384,21.2318993902,284.174612826
147.196446233,-2.92267434945,21.1201319979,284.431948089
147.319576339,-3.14076252247,21.8192144132,284.688943718
147.185207628,-2.97510369769,21.3007801692,284.935176793
147.130083646,-2.85071125089,20.893094243,285.183909851
147.293042654,-3.15957954862,21.8874614948,285.447742333
147.221185979,-3.11243042375,21.7477115153,285.707934631
147.143250091,-2.93677662014,21.1805367228,285.945245149
147.168391261,-2.89641215693,21.0399415108,286.20857751
147.285507668,-3.11878399086,21.7549340724,286.456722117
147.179317681,-2.95274784111,21.2280252194,286.724088725
147.199723068,-2.98289545035,21.323079579,286.974712166
147.272480716,-3.08615042358,21.6501939669,287.225467479
147.24621623,-3.09896415681,21.6992738136,287.499748384
147.16033619,-2.94009864665,21.1888849638,287.78706447
147.205505334,-3.06854874387,21.6073455875,288.036604626
147.178129201,-3.01390156852,21.432585201,288.269116098
147.314242101,-3.17151020654,21.9217029109,288.530697725
147.153597048,-2.96385935357,21.270298393,288.781476365
146.854795891,-2.98649478039,21.4125536222,289.045357055
146.765297668,-2.55365768228,19.9423729817,289.30224507
142.360999231,-2.47273741334,20.5689584868,289.576811492
127.871405938,-1.84886717763,20.5361819516,289.80700835
127.224815436,-1.69567381588,19.9273585384,290.039603486
113.072904121,-1.33364334627,19.5234752368,290.276623201
103.595638782,-1.47162300049,20.6770671127,290.539480633
97.2407674439,-1.34922078243,20.0377372073,290.800058596
96.6069517639,5.77413396821,23.1140402068,291.046110657
96.2876228679,10.3828391734,26.6636510722,291.284674278
94.5638884776,5.02129870891,25.4564766561,291.542280129
90.8299069166,13.7625730436,32.299555917,291.81834878
82.8193682821,18.545623123,37.1318606638,292.092413836
75.6001884971,20.5124464202,39.9832815398,292.340778024
70.1603147193,23.0974331934,43.4767267241,292.616008475
67.4399481824,22.1800998219,42.6608288395,292.877637376
63.7650359014,24.5307650948,45.5182273879,293.130165817
61.2262099263,22.6869463318,44.9149623507,293.358725463
55.4187373694,24.1272649879,47.657185631,293.638287185
63.2226615036,1.69447016567,27.1061090132,293.905409953
57.5410300412,-0.317210563537,26.531383214,294.155032841
50.0686701884,0.996386679637,27.0752445548,294.387822054
48.2739657651,0.519354254804,27.8079716208,294.668543883
35.9646055654,-9.44212687466,24.7093699812,294.944759024
31.4866390403,-20.5169890127,24.838525425,295.181110978
33.8551547255,-16.8320898482,24.3647831533,295.395403179
31.2437027166,-21.1832626584,24.9721733786,295.657911647
47.1600975796,-5.47786374074,24.2056495648,295.926360295
55.2410863391,14.3905312311,30.4509358312,296.186674824
49.5739176248,3.75752591255,28.3480122907,296.402164765
49.6919757887,0.4558976037,26.8314207818,296.659379041
49.3216794994,4.20081418965,26.8507448252,296.925040635
49.7169174852,2.13110784277,26.2635190867,297.173179955
50.294495762,0.632289697757,26.1483388837,297.461332375
50.4836670733,1.00732502138,25.4027259293,297.733743113
50.2208913258,2.23807324811,26.3655675399,297.997096001
50.130374839,2.89422832882,26.5155241405,298.214485656
50.5263566117,0.287451347456,25.2091690656,298.467226835
50.1858282754,2.33228282059,26.6667764995,298.717743907
50.4428928733,0.899454038537,25.6269457755,298.977076233
50.0616658399,2.61147817792,26.7379999098,299.241504008
50.570689248,-0.333135931695,24.9388565254,299.504283375
50.1048074729,2.24831525829,26.8035109009,299.740472664
50.5142802568,0.178829089001,25.2466882694,299.979291943
50.59656613,-0.435249004733,24.8559905772,300.220891124
50.3479893403,1.04094006457,26.007372013,300.486035179
50.4789524231,0.824234244125,25.5113034919,300.755867558
50.3318320848,1.08591655318,25.9961627606,301.018253483
49.9981527096,2.93965317482,27.0160530436,301.284625447
50.5575914367,0.856805597669,25.0365659573,301.547002664
50.3016706963,2.47129382044,26.049660118,301.817230661
49.9379421582,3.09584219859,27.1847407286,302.064364451
50.386405571,1.15921615958,25.6332159964,302.315929351
50.5924346371,-0.756995641453,24.91094907,302.585823312
50.235984469,1.71420426133,26.3704559696,302.838459988
50.1558092613,2.18359322719,26.513006426,303.085362379
50.4668745384,0.873029062398,25.2422265251,303.334475815
50.2407327947,2.36014207299,26.113401363,303.593438338
50.4074647169,1.94769320547,25.7253301869,303.842890475
50.4210301435,1.2068518999,25.7244172452,304.076048248
50.1832678352,2.09199622151,26.2118613223,304.331439011
50.2961719905,2.60814543488,25.9258781812,304.577490139
49.8852987457,2.98327828682,27.4953859914,304.828591929
50.229095155,1.27384417505,26.3273331906,305.063507901
50.5103492768,0.311058237993,25.0956351046,305.312219187
50.5813056033,-0.671320607376,24.9795003602,305.569897817
50.713285826,-0.486791903515,24.447337864,305.85792925
50.305666292,1.78905420263,26.0269003869,306.127514057
50.3186764095,2.38626489576,25.8385585574,306.352757912
50.2275946243,1.88459948563,26.2468474252,306.604044449
50.2493008578,0.876965606814,26.1357691565,306.851046988
50.6030105072,0.454648807075,24.8367477523,307.131408655
50.3779606668,1.73865876073,25.5451082955,307.384544831
50.5313573336,0.39093859666,25.1088889545,307.63933999
50.4175683915,0.862911701892,25.6024261483,307.89093257
50.3245650869,1.66063423433,25.7807851408,308.120297759
50.4354494143,0.438070137696,25.7516094007,308.357236297
50.6752841584,-0.398370574494,24.6121093475,308.622547059
50.4709337287,1.50980958641,26.6252422487,308.893418868
53.3567427846,-2.59639725427,23.9533457849,309.161823352
49.9568467108,-3.81676641205,24.4837474217,309.384588685
49.5896803953,1.03511892957,26.6282697285,309.634497089
50.0818379464,-1.11887879632,25.2375760941,309.904502706
49.9614443199,0.206397670911,25.9960977968,310.167246305
50.56431913,5.57612138172,24.7353926013,310.423796242
49.7277360985,10.6227858201,25.5448538069,310.717556051
48.7900748522,12.9191901803,27.4753686227,310.961441543
48.5890280636,12.5428052786,27.1228902166,311.192877817
49.8729566231,10.474383894,26.2373385154,311.447365376
50.8536977101,12.4561882614,24.7309710103,311.722641858
49.7985064585,18.0446279903,26.4471048775,311.984417872
53.1621461773,24.834013936,23.9374079258,312.233207225
52.1058627301,44.7538858683,23.7191958927,312.478673634
51.1702120437,46.5897395443,28.6892374957,312.715133823
51.8276302414,46.8623572949,27.5860994641,312.963402838
52.5042978007,46.3235125616,27.8014182826,313.224767994
53.0995584656,45.9989917594,28.8227829431,313.461195215
51.5131426036,46.2306169074,28.2494369491,313.721015843
51.3160247269,46.2648865221,28.1907480165,313.970398312
51.919836206,45.92056094,28.7788865881,314.248300739
52.014609393,45.9430288839,28.8444335046,314.492505339
51.8166894069,46.1589299074,27.7843139745,314.766770693
52.0333520378,45.9621112812,28.2286805648,315.029312128
51.5841903417,46.4993035313,27.8917792145,315.277352544
51.6652126291,46.2650351004,27.3407254125,315.523864604
51.6700264423,45.7195022705,28.4834773498,315.803324934
51.5399014929,46.1430871801,26.8164023526,316.053325711
52.4320429722,45.2860107332,27.4489302743,316.299159436
51.279485154,46.7660279007,27.38587663,316.534556867
51.8288728036,46.0706049758,27.7530891221,316.782392009
51.8011229219,46.406113259,27.4952009133,317.045432633
52.0475570179,45.8923210854,27.7344936922,317.308818178
51.8249228784,45.9402250639,28.1764610455,317.545758582
52.4376096481,45.3434533997,28.2769587021,317.787925686
51.8002836129,46.0265360365,28.8971564524,318.040279956
52.0089559826,46.0284204225,27.4633913746,318.263881934
52.130593826,45.8992026824,28.7314841118,318.512912639
51.7211873968,46.0271590625,27.9391097789,318.7873447
51.9651557914,45.6351882107,27.7933838889,319.06287684
51.8010276798,45.8231401653,28.3873181718,319.296919155
51.9050145746,46.1158395117,28.2360364526,319.54587988
51.9481033533,46.2017431811,27.8218737119,319.806874922
51.8207022371,46.4318920467,27.0585462753,320.080708268
52.2074766406,45.8824646298,27.5997884966,320.343596181
51.8908956688,46.2786686536,27.4959043034,320.606350044
51.5432212917,46.1775976202,28.0445190647,320.86923298
51.6746178396,45.8991453736,27.628387165,321.099852203
51.8166560095,46.1104688156,28.2891915711,321.36024853
51.8648294452,45.9404061392,29.0430902111,321.611851686
51.6859430216,46.2698631389,27.7508759605,321.886294943
51.7487771183,46.234970129,27.9974668836,322.1340007
51.3646168714,46.5759913849,28.2351352693,322.38729674
51.3241861004,46.6006957929,27.7976280086,322.592582099
51.3984724014,46.5929570566,27.6129888671,322.867991697
51.505680808,46.4685957182,28.0959358632,323.129868793
51.4812473931,46.3980317211,28.3388446362,323.375197731
51.4782856123,46.5477713766,27.3568843418,323.615848299
51.2679285472,46.6134294655,28.4809490154,323.891871541
51.3005160011,46.2965515963,28.3192055446,324.155263929
51.5566020153,46.5988287786,27.0738317051,324.407966853
50.8272965331,47.143229762,27.4976651664,324.661200688
51.2122727224,47.1685393022,26.9279952484,324.934878836
51.6763218512,46.6478985551,27.8439411779,325.209263311
51.5903873232,46.5079366459,27.5295523537,325.471931954
51.6235237774,46.4059177014,28.1311552282,325.735812955
51.4442583259,46.720589492,27.3203067789,325.992766596
51.0245617006,47.2889307021,27.4499887979,326.253218596
51.5025414836,46.6399013658,26.9435626649,326.503057332
51.1278822186,47.1526914872,26.7740469178,326.752262519
51.5550516989,46.3934876115,27.5644423122,327.026104263
51.2013480339,46.7992219105,28.4077600394,327.277987959
51.263462485,46.9639969895,27.5351908963,327.508413727
51.7196601657,46.2772790584,28.3131314946,327.748256886
50.7416090409,47.2101328766,27.6969856047,327.997641842
51.3460896963,46.669684536,27.1027914896,328.246220012
52.0582502565,46.0845391153,28.2776004545,328.508159623
51.5970272384,46.447504265,28.4487976965,328.75931211
51.9557945176,46.2542467343,28.1132543892,329.022230813
51.7706453373,46.139373335,28.5412054046,329.265854426
54.9118752332,41.7690425535,26.8456720787,329.530092479
56.0411210839,40.8480936506,26.3134391324,329.801510129
51.2823048363,45.1198138869,27.2363943821,330.089962373
42.3749918661,45.7980932881,28.8838383452,330.353615085
38.5878212835,46.2829503383,28.6934750823,330.593076932
23.4354881765,47.6672437787,25.0422414487,330.861466176
14.1915184859,48.3706625746,24.9807786666,331.121028346
11.7044658769,50.348616232,24.725404462,331.372089392
11.231760036,51.1151867555,25.3937217771,331.620356852
16.1695451761,49.018044844,25.2577782702,331.902784318
15.4620820032,49.156448594,24.3966140686,332.132323367
16.2068871763,48.9471178015,25.0833180076,332.366416689
14.1359382074,49.7282762,24.2753425918,332.618379384
16.5804702617,48.7560213639,25.100460565,332.869364853
14.8647399276,49.5018090395,24.2451951946,333.11577552
16.3209261483,48.9042787826,24.8814665115,333.371392706
14.4386035375,49.5122583334,24.112539273,333.616870624
15.7400296863,48.7968140854,25.2706698228,333.879972518
15.0984810744,49.2974993074,24.0994714777,334.135711002
14.8823496183,49.3716365361,24.7716506702,334.402855542
15.4328844957,49.2301466354,24.6462959436,334.655837762
16.6091530175,48.6445465663,25.5793303483,334.93199692
14.5711436754,49.6137237753,24.3844418506,335.20687685
13.0902204874,50.1052959088,23.8669112477,335.458297747
13.6466789572,49.6164858334,25.0544723842,335.704046252
13.7867300599,49.6072167172,24.3824109642,335.962852643
12.6729990244,50.206002948,22.8049859615,336.21693121
12.1307874476,50.3481968317,23.5751472694,336.459659084
14.4960583524,49.6020949139,24.1345750581,336.738866865
14.1459567335,49.6975996228,24.3669679029,336.98630079
15.7344873082,49.18402224,24.4503673224,337.222912757
14.5733964834,49.4917887057,23.9496605842,337.459079342
14.1574986032,49.7290038225,23.950590415,337.706255431
16.1695169159,48.9470842267,24.7000171567,337.970849602
14.0377853674,49.7465482827,23.9871862735,338.244121246
13.9792463988,49.8220721432,24.0195078169,338.477994677
14.0312996672,49.6236563192,24.9453433776,338.718557226
14.5641150358,49.3538710328,24.7071021896,338.964161106
13.8995560855,49.5583549508,24.3292253567,339.226261826
13.921855017,49.5432118186,24.2002576319,339.483065244
15.435146072,49.0994441176,24.9985023436,339.777230313
13.0821661076,49.80133898,25.2051354853,340.064711239
14.1876878403,49.6134620571,24.4090099478,340.312757253
16.0460685528,49.0236132444,24.781565047,340.546408304
15.665397045,49.1188184217,24.9500258974,340.804816277
13.6059596869,49.9188998785,24.0499240823,341.08173277
13.8480206476,49.5974793417,24.6232744218,341.34268769
15.9560240284,48.7790603923,24.9328832309,341.607818994
12.9775818992,49.9897282374,24.1950950066,341.861360429
13.927709442,49.6840417521,24.2897452469,342.113232306
13.9749585346,49.7504339044,24.1633568407,342.358640865
14.1454270989,49.6685428909,24.480554222,342.608293922
14.3990766688,49.6258110326,24.5217077134,342.870696642
15.433199978,48.875351493,25.751377581,343.135878331
13.8201643051,49.4692507643,24.8386185666,343.357190577
13.0002947102,49.8405974051,25.1491137107,343.607005986
13.8646473257,49.7374712542,24.4173056316,343.841195414
12.1785472864,50.475779301,22.9541591317,344.091776866
13.9053953423,49.7238033676,24.3473433192,344.368405976
15.4336826952,49.2246437243,24.7408639231,344.62121247
15.1302761689,48.9008004905,25.5699756866,344.903371525
13.0808955127,48.8572851372,25.6613482532,345.160510534
11.1064887148,51.3591331275,23.3920794993,345.423065033
14.2758038801,65.9989851346,19.664222182,345.681597103
16.7428260977,72.7023290849,23.7776957898,345.947676086
-21.4008619045,72.362451307,24.6749024147,346.199595238
3.16816457063,89.8197891428,9.74374931732,346.473643189
16.0039691576,88.4829644935,8.0870699512,346.70811098
12.9876538533,89.1592477942,6.44036396406,346.965654627
12.9423922236,89.8961642566,6.94973333818,347.214256123
15.9173784322,89.6941659425,7.29569297673,347.4632663
16.5833598314,89.8362489241,7.25543063367,347.68636878
28.2949252204,98.6885889207,10.5386241244,347.963240174
56.6426716325,107.547119517,27.5095021868,348.231649945
59.4344663239,113.388454851,27.9074674513,348.466738844
59.5022241317,113.446293823,27.8099298939,348.694719991
60.2239310005,114.629519255,27.5074909771,348.931482803
64.2323675738,121.653540654,26.0908417865,349.197167101
96.8058210031,125.768358984,31.2371127288,349.480911116
106.188414135,120.412705967,54.2298972166,349.735411738
107.054145958,112.06433662,60.6530813793,350.000525936
106.980970726,111.533476658,60.9431296439,350.252135311
107.099850291,110.836926372,61.482500398,350.498439921
126.436953323,85.1454905826,44.5529009289,350.776790219
129.079009624,60.514836725,48.4474428541,351.062844183
128.69914776,57.7400266013,49.0796976192,351.336503047
146.480950337,54.4556829446,46.2096606804,351.573611713
149.849676802,42.3849788221,61.4075135802,351.811488289
151.792079216,41.8575475274,60.5890139654,352.081841938
176.103381174,32.054256183,45.7118388481,352.351363607
172.026393211,30.2304589353,44.5822281858,352.611364005
160.361531974,29.8269624484,46.8937069031,352.857093227
138.953686525,26.5945643935,47.8965505426,353.110902762
142.725602794,25.6317923876,46.104168039,353.341186394
147.317784676,-2.06565307534,18.0310028811,353.613923393
147.094966202,-3.11080843549,21.7713811739,353.83794245
144.183453681,-2.93701461285,21.830041757,354.109941398
143.048608595,-2.71176696389,21.2889586693,354.361329016
134.83134131,-2.13083800905,20.6529564589,354.630947412
95.3654057063,-24.0298531532,13.6780297887,354.888361986
61.2714515663,-45.5277754811,15.1214382078,355.162209328
60.1702827672,0.484960310043,25.5358156738,355.418713545
49.095861369,0.996199515123,27.5020204213,355.686595202
49.8104346451,1.08075282132,26.0401255573,355.93502035
49.9610469186,-0.315882555765,25.3190840195,356.205171214
49.5127278285,2.51072666884,27.0214654661,356.457700899
48.9512424536,5.84189331277,27.5894850106,356.703607714
49.1655043345,5.03384015675,27.6986506678,356.947725227
49.4836426554,14.7291692184,25.1916656704,357.197514822
52.2201280329,46.4708548472,25.5667143022,357.46075512
32.9751066232,45.1983110916,23.69366797,357.730046634
9.31388915265,50.2799629808,25.1243467108,357.994780143
3.72988128435,53.4380438757,25.1307588163,358.223380221
3.72021617159,54.368238832,24.7722338746,358.46302557
-0.0509193276311,55.2431588799,25.1235289621,358.690003054
-37.4228118296,28.7914382503,60.6263833201,358.959014339
-17.4249659691,72.773897876,23.496496651,359.226477985
0.390105075476,87.2742921595,13.6252954575,359.492146421
13.4804321936,91.5036456181,7.00583000971,359.73696062
49.9488070915,94.0699304641,26.0679317678,359.999664409
56.6030722167,107.104046601,27.0229739691,360.27506872
59.0284633861,112.879904726,28.2561306036,360.548203514
91.5202814137,126.385018606,33.1129767627,360.814320131
105.850218903,122.928901251,52.0895274454,361.075522623
107.65939914,112.927525415,60.5466866129,361.327332607
127.31076583,98.311935075,41.850830432,361.556862015
122.768328397,74.494888152,50.6027468036,361.817185252
131.014887321,61.6466055255,46.7974320904,362.074309021
129.822471458,58.9214477195,48.8725811818,362.349406355
128.860466395,56.2983356196,50.3901290422,362.599313205
129.759929177,59.2874552582,47.2427562378,362.824525958
130.903780891,61.4709196401,45.5865721678,363.069241564
129.797793444,59.2739989412,49.1246541719,363.332482485
128.964569664,58.9505767407,49.2919659982,363.568698522
128.779699191,57.319429803,51.6114830026,363.818227171
128.496211781,57.2056020079,51.4710202469,364.091309714
128.000536708,57.0811696963,51.7876786132,364.353762819
128.902300418,58.8580397319,49.8285048937,364.619145428
128.59253897,57.950958001,50.6906984457,364.859654481
129.463561443,58.3326503065,50.1833004062,365.137171866
128.482692938,57.6519026203,51.7387470972,365.394851118
128.885913267,58.4542865123,49.7502943222,365.64810828
128.026613929,56.7466252021,52.7242281573,365.910618614
129.652204568,59.0050947148,49.2094861776,366.187900556
129.541032174,59.187725656,49.477077443,366.429367552
128.847066259,57.8827801637,50.3471994395,366.681115643
128.981805122,58.0644984003,49.9845280727,366.902335826
129.457685617,59.8337197488,47.7992975769,367.168027278
130.595796176,59.9218284073,47.9413648949,367.424676741
128.932153983,59.2428260656,49.3023516317,367.692398534
128.131999353,58.0332818166,50.782191801,367.930121777
127.9290245,58.5433968364,50.7204619449,368.174698979
128.694404444,58.5610936658,50.4335206374,368.406654035
128.674548167,59.0911613991,49.6895247278,368.660150061
128.794066975,59.5072528798,49.4473853441,368.906420459
129.654297851,58.7428587385,49.6827903689,369.183160603
129.456478657,59.1694309523,48.7634423137,369.459641667
129.230939456,59.3427121027,49.8796726245,369.705723897
129.7336647,58.9556373928,48.1502648556,369.942150184
128.489993105,57.4257447003,51.6982045286,370.216564517
129.165526639,58.5949136475,49.6854562817,370.502032519
129.367554647,59.2238080736,48.6489203268,370.761261897
129.950623106,59.6791161878,47.9700786891,371.026700178
128.38000329,58.3997983351,49.8590340492,371.266540537
129.588286979,59.7812288982,48.3521944289,371.523138682
129.353041147,58.9253323289,49.2892912202,371.785199591
129.407626556,57.064962564,51.2632566504,372.034206969
132.624661697,56.653799693,49.7206479335,372.296503321
147.52887542,42.6422031995,62.0467282303,372.561906456
150.81459438,42.8222864522,61.6116835999,372.798995528
160.684462125,40.6460693358,57.7666859326,373.033943535
173.137159003,30.8609768643,45.0413313741,373.291811265
173.409987872,30.8077257833,44.9178427295,373.531139063
157.397994963,30.8216922451,48.6663498497,373.768259859
140.255738852,26.3730091015,47.411378371,374.006876042
141.555415575,-0.052412733616,4.96301921473,374.273388587
148.744153963,-3.38392952612,22.276529269,374.545714728
146.718128452,-2.87354987744,21.0624117062,374.810638892
143.417090491,-3.17976798132,22.8105869276,375.057810005
142.841158401,-2.89048670484,21.9552919965,375.312479512
131.529577496,-2.15233615204,21.2832248523,375.565963097
74.1850348017,31.1475813668,49.0943424958,375.84915474
61.3397783735,2.77252187643,26.0264019457,376.110062384
49.4619686034,2.03631143284,26.784084357,376.387623312
50.5258849903,11.8784933991,23.4366702609,376.6208436
51.2822534795,36.5430380177,25.5911228088,376.86682226
53.1266530362,45.7966201144,28.970431608,377.127760074
48.6951189887,48.8607750978,25.6708748937,377.396449141
52.1383705443,45.4544870086,28.5247745348,377.664443388
51.3258181818,46.7770046935,27.4100348482,377.901464969
51.6087746495,45.5312913473,28.909562038,378.12155988
51.2643085566,46.7484258135,27.182842813,378.367151631
51.7863188844,46.0267240648,28.16983752,378.644129083
51.346732665,46.6322235648,28.037220899,378.893081722
50.9634034074,46.8515998031,28.0397433342,379.14169597
51.3889187229,46.3659868544,28.004914577,379.37962853
50.7346997735,46.9781974542,27.8043026956,379.619208254
51.4471725798,46.0825134997,27.3662956835,379.876563111
52.2064261255,45.6178703555,28.4248976981,380.145884483
51.2391314099,46.5669704767,28.0720796882,380.4067744
