125.662455538,100.978668789,-24.4412047599,0.0307704222019
125.838376025,101.036164804,-25.3320066761,0.0667481944712
125.839174184,100.919270678,-24.964181842,0.0998017891538
125.865845976,101.190495904,-26.5970007195,0.136783833857
125.676092666,100.948411472,-24.0313508637,0.173576469483
125.54116811,100.513486162,-18.4290889459,0.210903120522
125.757071263,101.062334798,-25.4390107886,0.244087031139
125.711561279,100.897762059,-24.3288933307,0.280094660997
125.826920473,101.08006744,-25.4533997397,0.316804255204
125.567673588,100.720304949,-21.422775155,0.354168850262
125.718797051,100.870898979,-23.6143992249,0.390171503855
126.061046659,101.552169032,-28.9397455166,0.423995486528
126.10182754,101.61558453,-29.2776468034,0.459992230807
126.078585486,101.600329139,-29.2901441301,0.496750654612
125.790087494,101.095581558,-25.8866936096,0.533822894115
126.163226457,101.799985667,-30.6806248675,0.567431653336
125.992066144,101.390298917,-28.325874921,0.603724796385
126.089199283,101.561862497,-29.4365459575,0.640314027188
125.954156421,101.23059038,-26.6259731167,0.677167933074
125.951706077,101.216052061,-26.9217142725,0.710231480286
126.067775954,101.309858035,-28.0852733339,0.730439780509
125.916312549,101.137941454,-26.0246302667,0.767185763653
125.928580333,101.191336086,-26.9596694757,0.800273881172
125.901260645,101.166885787,-26.6342563739,0.837084555758
125.778826878,100.929704374,-24.4862086303,0.874041408121
125.624698875,100.729130458,-21.6157216517,0.911047090083
125.580031794,100.576921814,-20.9846767183,0.943698851385
126.218603074,101.861251073,-31.4174077627,0.96501437052
125.912096596,101.250672552,-27.8172359069,1.00060679329
125.399362592,100.196403016,0.0449223680301,1.03643247846
125.621112049,100.745432911,-22.8574260087,1.07455688695
125.570559579,100.640934152,-21.4244060649,1.10719185336
126.022136908,101.459237491,-28.5705105883,1.14481023792
126.208030756,101.773477521,-31.1595862365,1.18101100905
126.278310237,101.835347747,-31.3425322048,1.21376944903
125.85421112,101.036872152,-26.4104783688,1.25125036428
125.843478712,101.201376231,-26.6562074682,1.28724835262
125.675090428,100.878128865,-24.9719185534,1.3244235386
125.587530743,100.571360672,-21.2189297353,1.35787741158
125.702539648,100.966399937,-24.9438735442,1.39453444399
125.769001962,101.201658695,-26.5615190527,1.43087734969
125.723980625,101.13720035,-26.1401401337,1.46730609596
125.799417586,101.141052266,-26.7451094814,1.50067941565
125.670571421,100.880380253,-24.0794803234,1.53778835511
125.963372921,101.328107101,-27.8063369602,1.57473090071
125.757617788,101.016835718,-25.0771270655,1.61128840782
125.722247474,100.906646642,-24.0358507578,1.64750752893
125.785769351,101.094628699,-25.0668440157,1.68090230877
125.887244808,101.26355396,-27.0930336041,1.71760910383
125.814418158,101.148102315,-26.1768776674,1.75432865056
125.69833256,100.817136499,-22.9728943835,1.79156572884
125.759982704,101.235486415,-26.5085453162,1.82498445695
126.231902727,101.756863803,-30.5074890535,1.8613547321
125.757941019,100.876403214,-24.4568198416,1.8982294761
126.200561729,101.814428609,-31.138839754,1.93507094132
125.784428134,100.950605562,-25.5547808614,1.97134138016
125.876979638,101.175536509,-26.8763523887,2.00434272406
125.955942673,101.425984084,-28.2161290626,2.04117641387
125.331635484,100.154654637,0.000210569747677,2.08113426491
125.641440133,100.711260384,22.446358665,2.12156890432
126.076376943,101.584764969,29.5418810182,2.14846343829
126.323050783,102.033497693,32.2259677125,2.18493199468
125.931488374,101.204931185,27.8201431361,2.22151438312
125.980741043,101.334730669,28.2596421347,2.25795059378
126.013678188,101.490151199,28.9258576495,2.2912436712
126.078091745,101.517193627,29.2583371504,2.31124825559
125.650390595,100.77345884,22.9653546712,2.34874409963
126.139222811,101.625477831,29.7459321943,2.38199394575
125.97358342,101.298016942,27.8235991668,2.41827153797
125.884298236,101.032935862,25.9969717035,2.45485734759
125.914306713,101.062526016,26.4511848401,2.49137473358
125.630183096,100.749009885,21.8497637804,2.52531845762
125.991882642,101.538386861,28.552330649,2.56192572738
125.819441024,101.032881584,24.4894342305,2.59881446712
125.880475273,100.966558814,24.9368329394,2.63468804885
125.861307945,101.221053705,26.737924575,2.67172110026
125.910819796,101.308663357,27.5286485775,2.70477656105
125.93123699,101.383915006,28.1899529779,2.74138631894
125.627960178,100.799252191,23.0462128744,2.77890486719
125.239813341,100.213549738,0.0325653215981,2.81745847851
125.239913341,100.213649738,0.0324653215981,2.84799657135
125.240013341,100.213749738,0.0323653215981,2.86820704869
125.240113341,100.213849738,0.0322653215981,2.9047776185
125.741057482,101.120410506,-26.601030558,2.94201345271
125.866109593,101.585431446,-28.879474941,2.97549158498
125.844205895,101.168292667,-26.6698758832,3.01212342505
125.681108655,100.905150453,-24.0297699122,3.04878792186
125.452526241,100.168710067,0.00511566162709,3.08727497564
125.452626241,100.168810067,0.00501566162709,3.11828923482
125.910623095,101.385368211,28.3009412427,3.15898108491
125.671291305,100.794611804,23.9226458735,3.19231521652
125.295845411,100.285943559,0.0260773728521,3.23073477971
125.295945411,100.286043559,0.0259773728521,3.26166910763
126.150416798,101.527358243,-29.5493400349,3.30250993465
125.89967153,101.282660844,-28.0819498644,3.33586583741
125.830344075,101.149170002,-26.9975612378,3.37202368826
125.885598289,101.253619366,-27.4790708758,3.40867418933
125.924672855,101.522665978,-28.8269158011,3.44208296491
125.725047691,101.189819201,-26.1891378742,3.47886315987
126.210678521,101.885647629,-31.3212165732,3.51582281138
126.169303185,101.949929428,-31.640206311,3.55201891727
125.787434272,100.963796791,-24.9409751704,3.58602639971
125.914497338,101.329427457,-27.6840552332,3.62250024337
125.809663419,100.939271958,-25.0401678956,3.65928230443
125.861424339,101.123850351,-26.9939363583,3.69558073476
126.10353572,101.596473824,-29.4155258976,3.72925263034
125.959494098,101.332458095,-27.8046486182,3.74902799553
125.79594377,100.937241776,-23.9396554093,3.78620660269
126.110314965,101.770577816,-30.2242000377,3.81952549449
125.919737501,101.294474715,-27.2478216446,3.85591691877
126.421703922,102.163291548,-32.5791658684,3.89309241577
125.545566725,100.449743025,-19.6888854216,3.93038236685
125.405460158,100.096729091,0.0452549417754,3.96776251274
125.405560158,100.096829091,0.0451549417754,3.99867786865
125.405660158,100.096929091,0.0450549417754,4.03545153227
125.405760158,100.097029091,0.0449549417754,4.07243451002
125.405860158,100.097129091,0.0448549417754,4.1088784961
125.405960159,100.097229108,-0.0531021882792,4.14227731915
125.406060159,100.097329108,-0.0532021882792,4.1788786796
125.406160159,100.097429108,-0.0533021882792,4.21566571693
125.406260159,100.097529108,-0.0534021882792,4.2524179204
125.406360159,100.097629108,-0.0535021882792,4.28571784019
125.406460159,100.097729108,-0.0536021882792,4.30572024746
125.857916162,101.155191467,26.8995573006,4.34923954899
125.487912724,100.284233669,17.3123235524,4.37702234623
125.893730356,100.929116751,25.3168956698,4.41369866166
125.655510002,100.434359906,19.446130191,4.45020827223
125.348739723,100.21049802,11.2703454458,4.48722452876
125.80732198,100.962713085,25.4715107837,4.52128301791
125.412446686,100.255993677,8.52498893083,4.55796897486
125.938327556,101.376203472,27.3213779317,4.59581906675
125.72999007,100.815171097,23.491331757,4.62995779816
125.572106914,100.692861512,20.9436136617,4.6660326076
126.024926419,101.54506774,29.1273957047,4.70010758062
126.132772598,101.600233018,29.7760730014,4.73606824698
126.043627251,101.373340188,28.1736991757,4.77279774625
125.976754554,101.234697573,27.0653002605,4.80946286509
125.849337985,101.05112222,26.0942409691,4.84292078129
125.644258151,100.449659155,19.3796543545,4.88021197644
125.855719884,101.120446075,26.0167181609,4.91718624573
125.384213329,100.159703734,0.010160842365,4.95538312107
126.029842126,101.500668434,-29.5749444624,4.99343195253
125.807301157,100.902883754,-24.9842026919,5.0234593562
125.522115775,100.591986499,-19.6015222083,5.06055056771
125.784590242,101.170432131,-26.3875214217,5.09729344069
126.097429868,101.88537121,-30.7684062584,5.13377816994
125.84050141,101.152507659,-26.0887115792,5.16674530202
125.765445364,101.141661566,-25.1556187233,5.20309007381
125.740306187,101.036470963,-24.0553596778,5.23981086462
125.609684349,100.707072008,-21.3647610089,5.2770292819
125.746421847,100.854030556,-23.275476485,5.31313643705
125.629558759,100.562519795,-19.4075593408,5.34744902672
125.991660911,101.380486759,-28.0612191128,5.38403950159
126.281931029,101.894099919,-31.2910633425,5.42017464823
126.481794016,102.047567218,-32.2544517082,5.45664724783
125.822285099,100.998363116,-24.8499449117,5.49034402473
125.891757211,101.259138819,-26.0915772122,5.52677432608
126.301936409,102.170495451,-32.1709358665,5.56383879017
125.998838492,101.640853797,-29.3405418047,5.6002292814
126.273077224,102.103501544,-31.8513336678,5.63717898038
125.647941764,100.706048721,-21.3072349241,5.67095009024
126.234138511,101.824408089,-31.2239530467,5.7077847131
126.043644807,101.48147581,-28.2252081701,5.74380851582
125.894675781,101.223504834,-26.6780068957,5.78068979116
125.760418489,100.843369732,-23.4633635875,5.81396296353
125.896692014,101.188752565,-26.2321879152,5.85073351698
125.970863246,101.405676979,-27.9509003571,5.88699618041
125.935355374,101.317927088,-27.9759986815,5.92357639173
125.827911954,100.899415209,-24.1455020975,5.95752415899
126.01247621,101.399454325,-27.7045002626,5.99419736426
126.113737,101.75529277,-30.3759241367,6.03072843497
126.141955284,101.782705703,-30.5526801421,6.06694320185
125.919910777,101.212662672,-27.5445941969,6.10391622707
125.998487452,101.213490684,-27.5392454118,6.1369838175
125.425856255,100.633414551,-20.9581127309,6.17456705719
125.671851229,100.707303347,-22.8360206128,6.21088881376
125.672566198,100.752847293,-22.3676679181,6.24697233166
125.611994157,100.532572639,-19.7169953926,6.28057798071
125.575237464,100.701862632,-21.8009684852,6.31705680064
126.113781774,101.66617587,-29.3187929541,6.35502787797
126.077614193,101.599178603,-29.3937512841,6.39062745411
125.866200113,101.11714942,-25.8063129422,6.42755507092
126.412513596,102.09610985,-32.3740647449,6.46117969199
125.678315743,100.62302853,-20.4888616846,6.4983104026
125.679082082,100.509466546,-20.0341931465,6.5339448126
125.826218713,100.963848522,-24.7333587073,6.5715958539
125.757032346,100.811998331,-23.7232270621,6.60409926031
126.026912497,101.404609745,-28.1265374737,6.6415867069
126.22282669,101.721528018,-30.1372478629,6.67774269166
126.36301406,101.990477525,-31.657870619,6.71427718355
125.803299834,100.997213438,-24.6028424183,6.75139638655
125.891354663,101.076993835,-25.6982402082,6.78426181622
125.777424306,101.071504275,-25.4085765709,6.82077858017
126.267645696,101.91394304,-30.9806202477,6.85822466156
126.118438052,101.604166958,-29.6686288985,6.89462199515
125.950821234,101.246518845,-26.6156667694,6.92792906832
126.09907144,101.676316321,-29.3757697535,6.94810129063
126.454629938,102.267802074,-32.8061778393,6.98465071131
126.425633396,102.106930384,-31.9547360631,7.01763619337
125.945875165,101.257283935,-26.7279912539,7.05465556006
125.725228086,100.709163053,-21.7475293071,7.09185096211
126.327643676,101.907971638,-31.6066183165,7.1285338089
125.899791521,101.080717626,-26.0340092853,7.16489506457
126.098332786,101.310881325,-28.0625293128,7.19799748885
125.969104614,101.279316593,-27.8624304589,7.23446822235
125.75585126,100.96664969,-25.9101813381,7.27153361949
126.030106275,101.339617547,-28.2399028856,7.30835953389
126.029678642,101.309240416,-28.0650584441,7.34115031959
125.588066479,100.386970145,-18.7334473343,7.37874382282
125.963092662,101.153659539,-27.3584792329,7.41556631604
125.907746859,101.227770187,-27.0163495461,7.45136494277
125.976716753,101.244769686,-27.5697469805,7.48795013036
126.223473639,101.828597844,-30.9667340902,7.52176509356
125.676623213,100.741589569,-22.7684546537,7.55877948398
125.682334196,100.719681258,-22.4532060139,7.59467234873
126.046794518,101.317687181,-27.821114805,7.63208173017
125.479357809,100.262284805,0.0198101905572,7.66794878055
125.470265146,100.238302569,0.0135849679928,7.70670797381
125.470365146,100.238402569,0.0134849679928,7.73802640717
125.470465146,100.238502569,0.0133849679928,7.77470738786
125.82845934,100.929916636,24.6121115095,7.81176998585
125.781566419,100.738056204,22.6641023606,7.84496447102
125.453819451,100.251707497,-0.0262021163981,7.88383687431
125.417397717,100.336452033,15.5867633313,7.92080056904
125.798822789,100.870882421,23.2546907508,7.95610778963
125.417897833,100.144898649,0.0181029402472,7.99124675027
125.417997833,100.144998649,0.0180029402472,8.02479423923
126.090772015,101.487244059,-29.1415152303,8.06765885092
126.130561875,101.510473259,-29.4002362766,8.09849738575
125.901829187,101.104417406,-25.8259472743,8.13220224909
125.893609996,100.996451224,-24.8561960581,8.16841919308
125.926928328,100.982600433,-25.8418790797,8.20542363098
125.742176244,100.867866439,-24.3606987016,8.24190867123
126.298827939,101.918731868,-31.4886195388,8.27907172757
125.562776296,100.658257061,-20.3330959788,8.3128254205
125.865587471,101.120838647,-25.8325826746,8.3492059592
125.623914352,100.718085377,-21.7924696336,8.38584526367
125.388886135,100.229170523,-0.0126976373716,8.42387978837
125.349993724,100.137955665,-0.0110216173805,8.45881254504
125.350093724,100.138055665,-0.0111216173805,8.49185649821
125.350193724,100.138155665,-0.0112216173805,8.5285225501
125.350293724,100.138255665,-0.0113216173805,8.56532140606
125.350393724,100.138355665,-0.0114216173805,8.60194858088
125.350493724,100.138455665,-0.0115216173805,8.6352133558
125.350593724,100.138555665,-0.0116216173805,8.67195187454
125.350693724,100.138655665,-0.0117216173805,8.70865960265
125.339355639,100.142698202,0.0223337763162,8.74813817719
125.339455639,100.142798202,0.0222337763162,8.77870830473
125.339555639,100.142898202,0.0221337763162,8.79884942538
125.339655639,100.142998202,0.0220337763162,8.83539697997
125.339755639,100.143098202,0.0219337763162,8.86883468009
125.339855639,100.143198202,0.0218337763162,8.90550601926
125.339955639,100.143298202,0.0217337763162,8.94228092694
125.340055639,100.143398202,0.0216337763162,8.97884838659
125.340155639,100.143498202,0.0215337763162,9.01551910372
125.340255639,100.143598202,0.0214337763162,9.04882617689
125.340355639,100.143698202,0.0213337763162,9.08551182283
125.340455639,100.143798202,0.0212337763162,9.12234426857
125.340555639,100.143898202,0.0211337763162,9.15895620358
125.853349238,101.082804225,-25.6920591763,9.20000852185
126.119481625,101.474296478,-29.2991225931,9.22960050235
125.903029218,101.272886216,-27.0728890064,9.26614992304
125.73781276,100.801780738,-23.1587410599,9.3032044346
125.585821563,100.669495968,-21.3029698223,9.33938965491
125.856271785,101.174196455,-26.8330563555,9.37353398462
125.501871774,100.552302927,-19.6500751763,9.41016520266
125.579010506,100.688061683,-22.2757353575,9.44606988604
125.666004577,100.486765168,-20.4889696709,9.48290948516
125.501994245,100.269870071,-15.9570009903,9.51673813309
125.943347204,101.289086898,-27.2947831607,9.55404643415
125.585902327,100.606628017,-20.2746310668,9.59035823819
125.481845245,100.419540245,-16.385478339,9.62630708592
125.49994538,100.642305632,-20.2395648665,9.66285370746
125.805967178,101.013174629,-25.2372552951,9.69689571273
125.717954657,100.875928469,-23.6559072198,9.73288530363
125.413360918,100.283215677,-11.3449395821,9.77102339684
125.556699984,100.515089483,-20.5745776,9.80751745658
125.294741279,100.236248109,0.022666152616,9.84181978271
125.294841279,100.236348109,0.022566152616,9.87615103337
125.294941279,100.236448109,0.022466152616,9.9128892411
126.026551867,101.40749836,28.9358185432,9.95402024656
125.697376726,100.712993597,23.1433805984,9.98731332398
125.993529798,101.297262539,28.1278313696,10.0203236874
125.339655924,100.230580444,-0.03806619147,10.058318713
125.339755924,100.230680444,-0.03816619147,10.0932377849
125.339855924,100.230780444,-0.03826619147,10.129625166
125.514303023,100.5438805,-19.6385403652,10.1669092077
125.541982583,100.55987813,-20.0515935653,10.1997450908
125.616847901,100.723133994,-22.1837806908,10.2370770292
125.667120378,100.810910505,-23.1142404646,10.2732208843
125.547655579,100.500413153,-18.9251910765,10.3072000642
125.406065878,100.194971831,-0.00735711814566,10.3451285323
125.406165878,100.195071831,-0.00745711814566,10.3797835511
125.406265872,100.195171846,-0.247993626627,10.4164346742
125.401329754,100.206287627,0.00698241927901,10.4574002189
125.52386359,100.605996057,-19.9789615429,10.4923749628
125.916224938,101.244688016,-27.4058996108,10.5242103057
125.904476305,101.170431028,-26.3739228878,10.5600702027
125.994434702,101.361485717,-27.963002376,10.5967698443
125.384918046,100.17381479,0.00100461948258,10.6323809281
125.614145891,100.664456005,21.8958847011,10.6719456542
125.530726492,100.596078224,21.3756069005,10.7034261272
125.35833644,100.248503531,-0.0104509446206,10.7420926375
125.35843644,100.248603531,-0.0105509446206,10.7767871555
125.35853644,100.248703531,-0.0106509446206,10.8100942287
125.35863644,100.248803531,-0.0107509446206,10.8468091102
125.35873644,100.248903531,-0.0108509446206,10.8835712662
125.35883644,100.249003531,-0.0109509446206,10.9201437021
125.35893644,100.249103531,-0.0110509446206,10.953540037
125.35903644,100.249203531,-0.0111509446206,10.9902203957
126.180731874,101.559386293,29.7164217937,11.0314132934
125.972248513,101.505792159,28.6241386012,11.0638706694
126.195721198,101.815726877,30.2692812113,11.1008477378
126.121020977,101.603428834,29.6426114106,11.133798075
126.015718057,101.539358879,29.0025215025,11.1705655183
126.146886046,101.646567457,29.94395273,11.2074253335
126.202089912,101.85995515,30.885295983,11.2439001102
125.845241876,101.250832744,26.7165331115,11.2774046789
126.030763376,101.625492232,29.4843782975,11.2975090996
125.521346935,100.29219554,-0.0204161088201,11.3358176298
125.989217947,101.394571454,28.1009338794,11.3718367673
125.913647052,101.199260531,25.4828927284,11.4042456247
126.018194738,101.060248293,25.1019630708,11.4406824574
125.844664673,101.036090478,24.8403302583,11.4774122677
125.873395787,101.153965048,25.600144913,11.5141402119
125.799569183,101.050266356,25.6008485819,11.5473648656
125.765619219,101.016251667,25.462304141,11.584078192
125.476295569,100.349867789,17.0609028148,11.6218950052
125.794703062,101.012601614,26.1160149409,11.6582481744
125.488804595,100.488177379,18.1790505661,11.6916774771
125.667779265,100.715527632,21.9276542791,11.7277202518
125.831427311,100.993253381,24.8765801491,11.7646425813
125.673815208,100.797371757,22.1587569677,11.8012893502
125.729439217,100.934784021,23.4474318271,11.8376251025
125.574041912,100.544551154,18.383895963,11.8723429468
125.737300262,100.984956022,24.7074974336,11.9082849521
125.633002865,100.850773239,22.7594186806,11.9443784225
125.436182363,100.267315547,11.4285159237,11.9826191512
125.731414329,100.800073209,23.1348953514,12.0159147168
125.660371065,100.663452889,21.7905580759,12.0511541358
125.466900148,100.209294955,-0.0115907225588,12.0895068304
125.694577105,100.622758971,21.8111076568,12.1277030837
125.977297975,101.25175954,27.5609423172,12.1585111389
125.957826108,101.411720375,27.8351940006,12.1944155113
125.535155635,100.542244321,20.2839721273,12.2321163152
126.122657481,101.687062654,30.4995884128,12.2689055297
125.787798613,101.000579001,25.060436173,12.3047996385
126.315332244,101.979275692,31.4583039895,12.3385122772
125.734885363,100.687459423,22.7403896623,12.3759829289
125.633623221,100.565121145,20.246553059,12.4114767594
125.658646149,100.695643429,21.7315110229,12.4479981886
125.812743565,100.959604912,24.6096887984,12.4819807898
125.756477632,100.905914429,24.2604194003,12.5179977501
125.766787411,100.968959568,25.2485615039,12.5547095214
125.885536615,101.01405205,25.5989718249,12.5913836598
125.574362955,100.469001679,19.3816987045,12.6290776213
125.39708239,100.160170151,-0.00353116762512,12.6635015549
125.46058297,100.278035395,-15.2722970163,12.7014934704
125.393708259,100.220906103,0.0107332723869,12.7354984647
125.393808259,100.221006103,0.0106332723869,12.7714118565
125.393908259,100.221106103,0.0105332723869,12.8047102212
125.394008259,100.221206103,0.0104332723869,12.8413504587
125.394108275,100.221306102,0.262957640091,12.8782102739
125.924729241,101.094643637,-25.9778230276,12.9210304103
125.841793406,101.112557749,-26.1702991769,12.9482011269
125.710648895,100.695231331,-21.8204245017,12.9687754936
125.863048696,101.013299776,-25.4692315166,13.005300966
125.63783279,100.626156554,-20.9894030018,13.0389187447
125.835618025,101.142189743,-26.0651678276,13.075892392
125.645616896,100.732609278,-21.6758275676,13.1122937688
125.822435918,100.936943581,-24.7423014954,13.1486344974
125.585717418,100.475835279,-18.0123751281,13.1824516377
126.055711525,101.403066571,-28.5022005879,13.219238053
125.906011737,101.394489834,-27.6454924719,13.2551996524
126.067478575,101.499008108,-28.9170922628,13.2919086246
125.879954013,101.042549939,-25.2393599154,13.3289295464
126.058253455,101.546892391,-28.760209202,13.3624257176
126.052746523,101.410268752,-27.6765559961,13.3989051595
125.849190791,100.868208362,-23.9457069841,13.4357817696
126.082222438,101.46567467,-28.497285566,13.4726213688
125.997719263,101.438806547,-28.0513871336,13.5052448276
125.919267463,101.359882838,-27.4030073478,13.525288289
125.93531868,101.272954799,-26.1061487555,13.5621490373
125.925397122,100.935866235,-24.2866531841,13.5958013388
125.996903136,101.269644087,-27.434520549,13.6325647389
126.040386473,101.317986484,-27.5533652788,13.6688351777
125.694796147,100.467680469,-18.5354984027,13.7064703572
125.76050225,100.928027145,-23.4687250914,13.7395734035
125.503232094,100.493563026,-18.0864094916,13.7765868609
125.484153511,100.307079336,-13.4633333574,13.8123820664
125.457680963,100.400694335,-16.0306902723,13.8488338279
125.495367122,100.19303057,-0.0054187989412,13.887326791
125.495467122,100.19313057,-0.0055187989412,13.9185985719
125.470253663,100.201134443,-0.0039858969936,13.958219903
125.452515621,100.269500922,10.4793668284,13.9979049925
125.634475946,100.673160831,21.4576651977,14.0308348026
125.467363195,100.196985313,-0.0025598600771,14.0654683614
125.795223154,100.754452715,23.4130671548,14.1021714242
125.567120263,100.553185892,19.7991598114,14.1362379998
125.614915188,100.576106918,20.3760257641,14.1724449913
125.996569527,101.244084713,28.0097198798,14.2100904343
125.737656384,101.005254785,25.0609956471,14.2428827751
125.776708576,100.815549382,23.0607336529,14.2792468299
125.786255061,100.78581606,23.5153191472,14.3158220649
125.750695632,100.888184072,23.3846118684,14.3524996244
126.098221502,101.497601999,28.8848157045,14.3864122468
125.979928315,101.308648051,27.1780002471,14.4226055536
125.739955526,100.997283592,24.3319721356,14.4598504073
125.821835072,100.963578397,24.351173199,14.4959351692
126.015066017,101.354444492,27.6191601878,14.5329859486
125.62266973,100.58387055,20.202058957,14.5669147438
125.877697611,101.010299503,25.0899898025,14.6032694682
125.934535895,101.370565371,27.7469543903,14.6398904226
125.982661651,101.492642493,28.9337608615,14.6761394013
125.615742044,100.67303618,21.8331519022,14.70996214
125.693178317,100.860369585,23.4979514965,14.7462045873
125.385593079,100.290220179,12.8458346488,14.7840832927
125.66807605,100.701834209,22.3680759282,14.8207179319
125.381717305,100.309218909,0.0394052185519,14.8554161821
125.752654681,100.729484347,-22.2995049885,14.8943660285
126.095337472,101.635898286,-29.7863843301,14.9268974264
126.10633881,101.757593642,-30.2170733696,14.9629622833
125.390362524,100.296159668,-0.00615218079984,15.0017696842
125.473527098,100.504926221,17.2520133592,15.0377129336
125.600521853,100.593972148,21.0682967916,15.069708139
125.472313942,100.436668415,18.0478547291,15.1063430892
125.338244461,100.285876312,0.00445815524161,15.1459454483
125.72786963,100.782475227,22.9218021938,15.1807525543
125.715680274,100.765695929,22.2250560815,15.213092677
125.889623263,101.105763982,25.7600820319,15.2499910583
125.652903053,100.856394416,23.3840588033,15.2867317541
125.942702422,101.178694279,26.7185599161,15.3202257483
125.543418731,100.380890516,17.0640018433,15.3572248989
125.916507016,101.268864889,27.589700621,15.3943798688
125.73236794,100.972986894,24.5836507734,15.4302313683
125.75597298,100.932928945,23.9891774415,15.4664122344
125.84913046,101.104549277,26.2894790243,15.499820699
126.110596286,101.639668378,29.5834265294,15.5370378722
126.022136964,101.274142104,27.3942445578,15.5734538668
125.940966916,101.419695208,27.6491329005,15.6098994079
125.93036429,101.325083356,27.6604527367,15.643205237
126.069494235,101.37815425,28.6188497904,15.6800149786
125.8523731,101.136674971,26.4334591983,15.7169600123
125.810266806,101.001776644,25.0389729899,15.7534192382
125.834637327,101.007734721,24.3281829128,15.7900498342
125.717928035,100.693892951,22.0733125129,15.8237211077
125.911708516,101.150266766,26.1878182216,15.8607426515
125.684599063,100.846634418,23.1034289764,15.8973794679
125.404638493,100.173480911,-0.00972734619098,15.9358960682
125.404738493,100.173580911,-0.00982734619098,15.9666412981
125.404838493,100.173680911,-0.00992734619098,16.0034078083
125.802563667,101.077193555,-25.8670129839,16.0460870542
125.519959898,100.463526607,-18.0667774577,16.0774776434
125.707532253,100.62162602,-22.7746009336,16.1105977956
125.412363439,100.177118472,-0.0237558484793,16.1491821975
125.412463453,100.177218481,-0.139580251743,16.1835352194
125.885329599,101.10537916,-26.4208653108,16.2238221259
125.852435261,100.938187195,-25.2283634293,16.2570424255
125.719860352,100.876303529,-23.3061613705,16.290337991
126.091039861,101.478797719,-28.8035993293,16.327550188
126.008170413,101.329914844,-27.3380981425,16.3638769208
125.9044506,101.067390529,-25.6053785298,16.4007137208
125.710306998,100.893861755,-23.8327047685,16.4339324652
125.731998639,100.753393088,-22.2131232853,16.453868937
126.001508247,101.095316438,-26.0679272349,16.4913035108
125.656365955,100.562437425,-20.5812572421,16.5246267568
125.813764503,101.003012387,-24.4396135835,16.5613805154
125.951562144,101.152056598,-26.2710692999,16.5973474021
125.701564795,100.679173888,-20.8585667086,16.634671254
125.647867254,100.631362777,-21.2387019664,16.6706344084
125.587782247,100.538714292,-19.4217810631,16.7039685401
125.630644636,100.582715332,-20.1473561754,16.7406669377
125.868065609,101.048137915,-25.1715714596,16.7781885961
125.785850017,101.071864224,-24.2280605251,16.8140229897
125.832694984,101.160270324,-26.0404491577,16.8473826247
125.993408456,101.349898662,-27.4539454796,16.8844038575
126.068806594,101.338383886,-27.6744592872,16.9207965258
125.42280571,100.27349452,-6.06292252054,16.9596627088
125.547561546,100.379313246,-17.0645532555,16.9957875919
125.847779745,100.974858702,-24.139593852,17.028323655
125.830202365,100.852518497,-23.1236585446,17.0641763986
125.806568865,100.942022364,-24.3263591886,17.1008984335
125.742753244,100.599869867,-22.0496194273,17.1384325326
125.494801921,100.308766007,-14.2360352484,17.1719728682
125.97275142,101.34046815,-27.2397408415,17.2093875369
125.431884113,100.305261957,-0.0377843934992,17.2460843794
125.721546571,100.768422327,22.3129612546,17.2849888174
126.078028309,101.422161368,28.2898967942,17.3182812728
125.742165245,100.794385867,21.5894618912,17.3518492888
125.437022454,100.393937633,6.40595433921,17.3898125908
125.838621525,100.975664654,24.1607773638,17.4263128708
125.726081149,100.650019811,21.2097820402,17.461649638
125.668207868,100.500798853,19.1246221036,17.4945110244
125.971595167,101.185623437,25.4681484396,17.5321247438
125.781777965,100.720356344,21.3285216864,17.5684822672
125.942780342,101.098226982,25.6336750803,17.605202125
125.680713459,100.639736686,19.8709739478,17.6386444904
125.523958597,100.433890252,16.6402949889,17.6750511544
125.588533836,100.587613903,20.6113888854,17.7114960736
125.42831861,100.223052129,-0.0644185563516,17.7498279301
125.42841861,100.223152129,-0.0645185563516,17.7845501286
125.42851861,100.223252129,-0.0646185563516,17.8178528475
125.42861861,100.223352129,-0.0647185563516,17.8545251197
125.42871861,100.223452129,-0.0648185563516,17.8914947238
125.42881861,100.223552129,-0.0649185563516,17.9279778979
125.42891861,100.223652129,-0.0650185563516,17.9612013076
125.42901861,100.223752129,-0.0651185563516,17.9979625306
125.42911861,100.223852129,-0.0652185563516,18.0347358832
125.42921861,100.223952129,-0.0653185563516,18.071494929
125.42931861,100.224052129,-0.0654185563516,18.1080135591
125.42941861,100.224152129,-0.0655185563516,18.1416901199
125.42951861,100.224252129,-0.0656185563516,18.1781648966
125.42961861,100.224352129,-0.0657185563516,18.2148418341
125.42971861,100.224452129,-0.0658185563516,18.2515197046
125.42981861,100.224552129,-0.0659185563516,18.2847664406
125.42991861,100.224652129,-0.0660185563516,18.3214206738
125.43001861,100.224752129,-0.0661185563516,18.3582176637
125.860016468,101.093117581,-25.7900500567,18.3991287804
125.968865632,101.403544014,-27.4446821408,18.4323325961
125.379108012,100.309604979,0.0142176905365,18.4679250189
125.379208012,100.309704979,0.0141176905365,18.5017542888
125.379308012,100.309804979,0.0140176905365,18.5383416535
125.374192815,100.24575283,0.00947098974631,18.5755491852
125.374292809,100.245852846,0.266589295616,18.6083455692
125.42363907,100.310661324,13.1867666225,18.6480378121
125.620755516,100.630232539,21.5592452165,18.6832884277
125.674204484,100.694648135,20.7177373125,18.718646033
125.926064949,101.364609239,27.4867505676,18.7566323501
125.606004148,100.56243097,18.6702689286,18.7899761233
125.832506332,101.359128901,27.5073680204,18.8266468404
126.169261972,101.948891749,31.0329301602,18.8623359893
126.134148771,101.770595626,30.7000093111,18.898772822
126.011652074,101.554479265,29.1284387344,18.9321551612
125.971822095,101.49297584,28.2174143536,18.9686734802
126.063060886,101.527614414,28.4233887784,19.0054403015
125.6023031,100.810512551,23.2672770346,19.0434452796
125.856262828,101.116052858,26.339363081,19.0793574274
125.515919204,100.567195747,19.3748380069,19.1129447265
125.815357815,101.190192335,26.617116817,19.1499631601
125.716062037,101.130410718,25.4410452868,19.185727264
125.433126898,100.359205565,12.8646208338,19.2238715775
125.465784778,100.552797781,18.8648879294,19.2566505446
126.066877404,101.529390162,28.1641067657,19.2935968224
125.479951066,100.381938291,15.4833177698,19.3307788508
125.422179834,100.226072494,-0.00673492015803,19.3675335424
125.332775847,100.234638703,0.0574959636059,19.4052511412
125.332875847,100.234738703,0.0573959636059,19.4356654495
125.33297586,100.234838711,-0.248315617215,19.4723927716
125.534890739,100.455020495,17.2776738658,19.5162678761
125.925640854,101.194838133,26.4737096515,19.546920112
125.489510004,100.189068209,0.0186961942583,19.5808908945
125.489610004,100.189168209,0.0185961942583,19.6156295768
125.489710004,100.189268209,0.0184961942583,19.6525127182
125.489810004,100.189368209,0.0183961942583,19.6891532668
125.415172769,100.141088631,-0.0389058611267,19.729810905
125.415272769,100.141188631,-0.0390058611267,19.7591263918
125.415372769,100.141288631,-0.0391058611267,19.7959454639
125.441459831,100.35095038,-16.1037662635,19.8386060487
125.879246204,101.163774983,-26.7504875521,19.8708534885
125.921328873,101.342917582,-27.5376089924,19.9029199167
125.631724098,100.614259991,-21.4201498143,19.9401560619
125.43012568,100.272388846,0.0136613346171,19.9775682425
125.43022568,100.272488846,0.0135613346171,20.0127327065
125.43032568,100.272588846,0.0134613346171,20.0460117881
125.422542942,100.262853218,0.0123671716789,20.0695628942
125.422642942,100.262953218,0.0122671716789,20.1026712278
125.304754764,100.302825989,0.0327581905491,20.1393092882
125.359695284,100.269439155,-0.0182297056189,20.1756556151
125.359795284,100.269539155,-0.0183297056189,20.2096316849
125.359895284,100.269639155,-0.0184297056189,20.2465537034
125.359995284,100.269739155,-0.0185297056189,20.2828163668
125.360095284,100.269839155,-0.0186297056189,20.3161271722
125.378603635,100.19718747,0.010539187775,20.3563534305
125.378703635,100.19728747,0.010439187775,20.3896399766
125.378803635,100.19738747,0.010339187775,20.4262929658
125.378903635,100.19748747,0.010239187775,20.4595910195
125.741562256,101.077698585,25.7189799499,20.5003656
125.899884356,101.192680452,26.1603019179,20.5332873236
125.814419383,101.143434608,25.8603286442,20.5699866543
125.734971622,100.958481738,23.723320627,20.6066377774
125.847965313,100.992973022,24.248710181,20.639821999
