125.520712377,76.5550025076,0.0429453049402,0.0367351813247
125.520812377,76.5551025076,0.0428453049402,0.0613316647068
125.520912377,76.5552025076,0.0427453049402,0.0970806604054
125.521012377,76.5553025076,0.0426453049402,0.133762971482
125.521112377,76.5554025076,0.0425453049402,0.16699627638
125.521212377,76.5555025076,0.0424453049402,0.20383502119
125.543272978,75.9776037622,-0.0253995750006,0.243873660011
125.543372978,75.9777037622,-0.0254995750006,0.277132156027
125.543472978,75.9778037622,-0.0255995750006,0.310340891809
125.543572978,75.9779037622,-0.0256995750006,0.347136096415
125.543672978,75.9780037622,-0.0257995750006,0.383857593676
125.543772978,75.9781037622,-0.0258995750006,0.420533062721
125.543872978,75.9782037622,-0.0259995750006,0.453778496675
125.543972978,75.9783037622,-0.0260995750006,0.490472936809
125.544072978,75.9784037622,-0.0261995750006,0.527199099091
125.544172978,75.9785037622,-0.0262995750006,0.563900692258
125.544272978,75.9786037622,-0.0263995750006,0.59723724964
125.544372978,75.9787037622,-0.0264995750006,0.633747887911
125.544472978,75.9788037622,-0.0265995750006,0.670494265289
125.544572978,75.9789037622,-0.0266995750006,0.707198346467
125.544672978,75.9790037622,-0.0267995750006,0.740555118944
125.544772978,75.9791037622,-0.0268995750006,0.77709872337
125.544872978,75.9792037622,-0.0269995750006,0.813808091574
125.544972978,75.9793037622,-0.0270995750006,0.850514349763
125.545072978,75.9794037622,-0.0271995750006,0.883768180757
125.545172978,75.9795037622,-0.0272995750006,0.920436807769
125.545272978,75.9796037622,-0.0273995750006,0.957234500387
125.545372978,75.9797037622,-0.0274995750006,0.993909347429
125.545472978,75.9798037622,-0.0275995750006,1.02710471015
125.545572978,75.9799037622,-0.0276995750006,1.06386352758
125.545672978,75.9800037622,-0.0277995750006,1.10062856505
125.545772978,75.9801037622,-0.0278995750006,1.1377752013
125.545872978,75.9802037622,-0.0279995750006,1.17057714718
125.545972978,75.9803037622,-0.0280995750006,1.19059568908
125.546072978,75.9804037622,-0.0281995750006,1.22728390919
125.546172978,75.9805037622,-0.0282995750006,1.26057257235
125.546272978,75.9806037622,-0.0283995750006,1.29736964296
125.546372978,75.9807037622,-0.0284995750006,1.3340003278
125.546472978,75.9808037622,-0.0285995750006,1.37059462546
125.546572978,75.9809037622,-0.0286995750006,1.40405216241
125.546672978,75.9810037622,-0.0287995750006,1.44050028939
125.546772978,75.9811037622,-0.0288995750006,1.4773816414
125.546872978,75.9812037622,-0.0289995750006,1.51395043694
125.546972978,75.9813037622,-0.0290995750006,1.54719493789
125.547072984,75.9814037779,-0.171689645806,1.5839898315
125.54717299,75.9815037892,0.102875729515,1.62065908051
125.54727299,75.9816037892,0.102775729515,1.65730407141
125.54737299,75.9817037892,0.102675729515,1.69064747083
125.54747299,75.9818037892,0.102575729515,1.72724985453
125.54757299,75.9819037892,0.102475729515,1.76398627986
125.54767299,75.9820037892,0.102375729515,1.80069969108
125.54777299,75.9821037892,0.102275729515,1.83394481404
125.54787299,75.9822037892,0.102175729515,1.87073846363
125.54797299,75.9823037892,0.102075729515,1.90744658783
125.54807299,75.9824037892,0.101975729515,1.94421504631
125.54817299,75.9825037892,0.101875729515,1.97735473977
125.54827299,75.9826037892,0.101775729515,1.99739069776
125.54837299,75.9827037892,0.101675729515,2.034106908
125.54847299,75.9828037892,0.101575729515,2.06735856198
125.54857299,75.9829037892,0.101475729515,2.10408876728
125.54867299,75.9830037892,0.101375729515,2.14080591052
125.54877299,75.9831037892,0.101275729515,2.17736693103
125.54887299,75.9832037892,0.101175729515,2.21079430084
125.54897299,75.9833037892,0.101075729515,2.24733355124
125.54907299,75.9834037892,0.100975729515,2.28423480735
125.54917299,75.9835037892,0.100875729515,2.32078027778
125.54927299,75.9836037892,0.100775729515,2.3540602329
125.54937299,75.9837037892,0.100675729515,2.39070304679
125.54947299,75.9838037892,0.100575729515,2.4275641837
125.54957299,75.9839037892,0.100475729515,2.46427914993
125.54967299,75.9840037892,0.100375729515,2.49764774047
125.54977299,75.9841037892,0.100275729515,2.51751015964
125.54987299,75.9842037892,0.100175729515,2.55420708779
125.54997299,75.9843037892,0.100075729515,2.58757039129
125.55007299,75.9844037892,0.0999757295152,2.62420263113
125.55017299,75.9845037892,0.0998757295152,2.66097668764
125.55027299,75.9846037892,0.0997757295152,2.69763598461
125.55037299,75.9847037892,0.0996757295152,2.73081393125
125.55047299,75.9848037892,0.0995757295152,2.76754382555
125.55057299,75.9849037892,0.0994757295152,2.80431570504
125.55067299,75.9850037892,0.0993757295152,2.84096598297
125.55077299,75.9851037892,0.0992757295152,2.87428667928
125.55087299,75.9852037892,0.0991757295152,2.91079482954
125.55097299,75.9853037892,0.0990757295152,2.9477091477
125.55107299,75.9854037892,0.0989757295152,2.98421045593
125.55117299,75.9855037892,0.0988757295152,3.01762631869
125.55127299,75.9856037892,0.0987757295152,3.05422372636
125.55137299,75.9857037892,0.0986757295152,3.09106247117
125.55147299,75.9858037892,0.0985757295152,3.12770435206
125.55157299,75.9859037892,0.0984757295152,3.16100296726
125.55167299,75.9860037892,0.0983757295152,3.19755496873
125.55177299,75.9861037892,0.0982757295152,3.23436572341
125.55187299,75.9862037892,0.0981757295152,3.27108131164
125.55197299,75.9863037892,0.0980757295152,3.30437526182
125.55207299,75.9864037892,0.0979757295152,3.32432911543
125.55217299,75.9865037892,0.0978757295152,3.36109881791
125.55227299,75.9866037892,0.0977757295152,3.39429884566
125.55237299,75.9867037892,0.0976757295152,3.43099795081
125.55247299,75.9868037892,0.0975757295152,3.4677474382
125.55257299,75.9869037892,0.0974757295152,3.50441451021
125.55267299,75.9870037892,0.0973757295152,3.53778621076
125.55277299,75.9871037892,0.0972757295152,3.57435314029
125.55287299,75.9872037892,0.0971757295152,3.61112066577
125.55297299,75.9873037892,0.0970757295152,3.6477516616
125.55307299,75.9874037892,0.0969757295152,3.68104467878
125.55317299,75.9875037892,0.0968757295152,3.71765919154
125.55327299,75.9876037892,0.0967757295152,3.75456853368
125.55337299,75.9877037892,0.0966757295152,3.79108259297
125.55347299,75.9878037892,0.0965757295152,3.82450249874
125.55357299,75.9879037892,0.0964757295152,3.84443333824
125.55367299,75.9880037892,0.0963757295152,3.88113897442
125.55377299,75.9881037892,0.0962757295152,3.91436294928
125.55387299,75.9882037892,0.0961757295152,3.95108848956
125.55397299,75.9883037892,0.0960757295152,3.98787249811
125.55407299,75.9884037892,0.0959757295152,4.02450753696
125.55417299,75.9885037892,0.0958757295152,4.05778033905
125.55427299,75.9886037892,0.0957757295152,4.09451023335
125.55437299,75.9887037892,0.0956757295152,4.13130450495
125.55447299,75.9888037892,0.0955757295152,4.1679382998
125.55457299,75.9889037892,0.0954757295152,4.20117751372
125.55467299,75.9890037892,0.0953757295152,4.23790865203
125.55477299,75.9891037892,0.0952757295152,4.27460464717
125.55487299,75.9892037892,0.0951757295152,4.31127980521
125.55497299,75.9893037892,0.0950757295152,4.34461916161
125.55507299,75.9894037892,0.0949757295152,4.38121594728
125.55517299,75.9895037892,0.0948757295152,4.41803883102
125.55527299,75.9896037892,0.0947757295152,4.45456906238
125.55537299,75.9897037892,0.0946757295152,4.48795009297
125.55547299,75.9898037892,0.0945757295152,4.52451391249
125.55557299,75.9899037892,0.0944757295152,4.56127304093
125.55567299,75.9900037892,0.0943757295152,4.59796965808
125.55577299,75.9901037892,0.0942757295152,4.6313783678
125.55587299,75.9902037892,0.0941757295152,4.66782804978
125.55597299,75.9903037892,0.0940757295152,4.70468576568
125.55607299,75.9904037892,0.0939757295152,4.74125362822
125.55617299,75.9905037892,0.0938757295152,4.77473200227
125.55627299,75.9906037892,0.0937757295152,4.79463920565
125.55637299,75.9907037892,0.0936757295152,4.83132866976
124.671272414,76.9429599518,-0.0749596009994,4.86929417286
124.671372414,76.9430599518,-0.0750596009994,4.90126978786
124.671472414,76.9431599518,-0.0751596009994,4.93801118921
124.671572414,76.9432599518,-0.0752596009994,4.97476969564
124.671672414,76.9433599518,-0.0753596009994,5.00793364722
124.671772414,76.9434599518,-0.0754596009994,5.04463244137
124.671872414,76.9435599518,-0.0755596009994,5.08144070804
124.671972414,76.9436599518,-0.0756596009994,5.1180549098
124.672072414,76.9437599518,-0.0757596009994,5.15143500738
124.672172414,76.9438599518,-0.0758596009994,5.18795404269
124.672272414,76.9439599518,-0.0759596009994,5.22479994054
124.672372414,76.9440599518,-0.0760596009994,5.26131088981
124.672472414,76.9441599518,-0.0761596009994,5.29480481393
124.672572414,76.9442599518,-0.0762596009994,5.33128621806
124.672672414,76.9443599518,-0.0763596009994,5.36808577669
124.672772414,76.9444599518,-0.0764596009994,5.40477337479
124.672872414,76.9445599518,-0.0765596009994,5.43813232428
124.672972414,76.9446599518,-0.0766596009994,5.45814651217
124.673072414,76.9447599518,-0.0767596009994,5.49479150307
124.673172414,76.9448599518,-0.0768596009994,5.52805497511
124.673272414,76.9449599518,-0.0769596009994,5.5647845584
124.673372414,76.9450599518,-0.0770596009994,5.60146811349
124.673472414,76.9451599518,-0.0771596009994,5.63821822288
124.673572414,76.9452599518,-0.0772596009994,5.67146925486
124.673672414,76.9453599518,-0.0773596009994,5.70814472391
124.673772414,76.9454599518,-0.0774596009994,5.74489825432
124.673872414,76.9455599518,-0.0775596009994,5.78157465637
124.673972414,76.9456599518,-0.0776596009994,5.81519515808
124.674072414,76.9457599518,-0.0777596009994,5.85152914752
124.674172414,76.9458599518,-0.0778596009994,5.8883184431
124.674272414,76.9459599518,-0.0779596009994,5.92505362443
124.674372414,76.9460599518,-0.0780596009994,5.96170452436
124.674472414,76.9461599518,-0.0781596009994,5.99487625096
124.674572414,76.9462599518,-0.0782596009994,6.0316991347
124.674672414,76.9463599518,-0.0783596009994,6.06831395846
124.674772414,76.9464599518,-0.0784596009994,6.1050105756
124.674872414,76.9465599518,-0.0785596009994,6.13822397641
124.674972414,76.9466599518,-0.0786596009994,6.17503970711
124.675072414,76.9467599518,-0.0787596009994,6.21166292791
124.675172414,76.9468599518,-0.0788596009994,6.24831911486
124.675272414,76.9469599518,-0.0789596009994,6.28160591201
124.675372414,76.9470599518,-0.0790596009994,6.31826645299
124.675472414,76.9471599518,-0.0791596009994,6.35510208778
124.675572414,76.9472599518,-0.0792596009994,6.39172686359
124.675672414,76.9473599518,-0.0793596009994,6.42504382788
124.675772414,76.9474599518,-0.0794596009994,6.46177030116
124.675872414,76.9475599518,-0.0795596009994,6.49847096133
124.675972414,76.9476599518,-0.0796596009994,6.53523599879
124.676072414,76.9477599518,-0.0797596009994,6.56839030932
124.676172414,76.9478599518,-0.0798596009994,6.60514539474
124.676272414,76.9479599518,-0.0799596009994,6.64186004997
124.676372414,76.9480599518,-0.0800596009994,6.67852681097
124.676472414,76.9481599518,-0.0801596009994,6.7117678909
124.676572414,76.9482599518,-0.0802596009994,6.74832455739
124.676672414,76.9483599518,-0.0803596009994,6.7852267465
124.676772414,76.9484599518,-0.0804596009994,6.82177874796
124.676872414,76.9485599518,-0.0805596009994,6.85517190761
124.676972414,76.9486599518,-0.0806596009994,6.87517396644
124.677072414,76.9487599518,-0.0807596009994,6.9118093163
124.677172414,76.9488599518,-0.0808596009994,6.94509642445
124.677272414,76.9489599518,-0.0809596009994,6.98176287445
124.677372414,76.9490599518,-0.0810596009994,7.01850769682
124.677472414,76.9491599518,-0.0811596009994,7.05537909678
124.677572414,76.9492599518,-0.0812596009994,7.08851910124
124.677672414,76.9493599518,-0.0813596009994,7.12516689116
124.677772414,76.9494599518,-0.0814596009994,7.16202118604
124.677872414,76.9495599518,-0.0815596009994,7.19863725381
124.677972414,76.9496599518,-0.0816596009994,7.23185998466
124.678072414,76.9497599518,-0.0817596009994,7.26855473579
124.678172414,76.9498599518,-0.0818596009994,7.30531013221
124.678272414,76.9499599518,-0.0819596009994,7.34204438053
124.678372414,76.9500599518,-0.0820596009994,7.37538311492
124.678472414,76.9501599518,-0.0821596009994,7.41194195842
124.678572414,76.9502599518,-0.0822596009994,7.44873809603
124.678672414,76.9503599518,-0.0823596009994,7.48535385279
124.678772414,76.9504599518,-0.0824596009994,7.51865962103
124.678872414,76.9505599518,-0.0825596009994,7.53865763684
124.678972414,76.9506599518,-0.0826596009994,7.57543138235
124.679072414,76.9507599518,-0.0827596009994,7.60860279796
124.679172414,76.9508599518,-0.0828596009994,7.64529506108
124.679272414,76.9509599518,-0.0829596009994,7.68198825721
124.679372414,76.9510599518,-0.0830596009994,7.71868425235
124.679472414,76.9511599518,-0.0831596009994,7.75196420746
124.679572414,76.9512599518,-0.0832596009994,7.78867606368
124.679672414,76.9513599518,-0.0833596009994,7.82538232187
124.679772414,76.9514599518,-0.0834596009994,7.86211097216
124.679872414,76.9515599518,-0.0835596009994,7.89540430034
124.679972414,76.9516599518,-0.0836596009994,7.9320604873
124.680072414,76.9517599518,-0.0837596009994,7.96881090769
124.680172414,76.9518599518,-0.0838596009994,8.00541266939
124.680272414,76.9519599518,-0.0839596009994,8.0387346097
124.680372414,76.9520599518,-0.0840596009994,8.05882219393
124.680472414,76.9521599518,-0.0841596009994,8.09556328429
124.680572414,76.9522599518,-0.0842596009994,8.12876269003
124.680672414,76.9523599518,-0.0843596009994,8.16548480929
124.680772414,76.9524599518,-0.0844596009994,8.20218609145
124.680872414,76.9525599518,-0.0845596009994,8.23871538981
124.680972414,76.9526599518,-0.0846596009994,8.27210575045
124.681072414,76.9527599518,-0.0847596009994,8.30870595714
124.681172414,76.9528599518,-0.0848596009994,8.34548032465
124.681272414,76.9529599518,-0.0849596009994,8.38216076972
124.681372414,76.9530599518,-0.0850596009994,8.41570880809
124.681472414,76.9531599518,-0.0851596009994,8.45213081095
124.681572414,76.9532599518,-0.0852596009994,8.48884702118
124.681672414,76.9533599518,-0.0853596009994,8.52552622224
124.681772414,76.9534599518,-0.0854596009994,8.55890196581
124.681872414,76.9535599518,-0.0855596009994,8.59556157378
124.681972414,76.9536599519,-0.0856596009994,8.63234309432
124.682072414,76.9537599519,-0.0857596009994,8.66897906618
124.682172414,76.9538599519,-0.0858596009994,8.70565515723
124.682272414,76.9539599519,-0.0859596009994,8.73884834294
124.682372414,76.9540599519,-0.0860596009994,8.775739958
124.682472414,76.9541599519,-0.0861596009994,8.81229693548
124.682572414,76.9542599519,-0.0862596009994,8.84902434177
124.682672414,76.9543599519,-0.0863596009994,8.88226915372
124.682772414,76.9544599519,-0.0864596009994,8.91900775607
124.682872414,76.9545599519,-0.0865596009994,8.9558293958
124.682972414,76.9546599519,-0.0866596009994,8.99228654182
124.683072414,76.9547599519,-0.0867596009994,9.02576242785
124.683172414,76.9548599519,-0.0868596009994,9.0625442594
124.683272414,76.9549599519,-0.0869596009994,9.09914508809
124.683372414,76.9550599519,-0.0870596009994,9.13572290268
124.683472414,76.9551599519,-0.0871596009994,9.16904204398
124.683572414,76.9552599519,-0.0872596009994,9.20565935575
124.683672414,76.9553599519,-0.0873596009994,9.24236094892
124.683772414,76.9554599519,-0.0874596009994,9.27903828397
124.683872414,76.9555599519,-0.0875596009994,9.31230704303
124.683972414,76.9556599519,-0.0876596009994,9.34901330122
124.684072414,76.9557599519,-0.0877596009994,9.38575439157
124.684172414,76.9558599519,-0.0878596009994,9.42243141563
124.684272414,76.9559599519,-0.0879596009994,9.45585505342
124.684372414,76.9560599519,-0.0880596009994,9.49246801117
124.684472414,76.9561599519,-0.0881596009994,9.52910087301
124.684572414,76.9562599519,-0.0882596009994,9.56587461852
124.684672414,76.9563599519,-0.0883596009994,9.59909548336
124.684772414,76.9564599519,-0.0884596009994,9.63590654904
124.684872414,76.9565599519,-0.0885596009994,9.67254438691
124.684972414,76.9566599519,-0.0886596009994,9.70918222477
124.685072414,76.9567599519,-0.0887596009994,9.74251473914
124.685172414,76.9568599519,-0.0888596009994,9.77914013695
124.685272414,76.9569599519,-0.0889596009994,9.81603610603
124.685372414,76.9570599519,-0.0890596009994,9.85256291637
124.685472414,76.9571599519,-0.0891596009994,9.88581239335
124.685572414,76.9572599519,-0.0892596009994,9.9223401367
124.685672414,76.9573599519,-0.0893596009994,9.95924823483
124.685772414,76.9574599519,-0.0894596009994,9.99591561784
124.685872414,76.9575599519,-0.0895596009994,10.0292170321
124.685972414,76.9576599519,-0.0896596009994,10.0492069618
124.686072414,76.9577599519,-0.0897596009994,10.0858491537
124.686172414,76.9578599519,-0.0898596009994,10.1191160468
124.686272414,76.9579599519,-0.0899596009994,10.1559327105
124.686372414,76.9580599519,-0.0900596009994,10.1925898304
124.686472414,76.9581599519,-0.0901596009994,10.2292491274
124.686572414,76.9582599519,-0.0902596009994,10.2625228625
124.686672414,76.9583599519,-0.0903596009994,10.2992107716
124.686772414,76.9584599519,-0.0904596009994,10.3360523154
124.686872414,76.9585599519,-0.0905596009994,10.3727141004
124.686972414,76.9586599519,-0.0906596009994,10.4058992001
124.687072414,76.9587599519,-0.0907596009994,10.4426856966
124.687172414,76.9588599519,-0.0908596009994,10.479425854
124.687272414,76.9589599519,-0.0909596009994,10.516093859
124.687372414,76.9590599519,-0.0910596009994,10.549351422
124.687472414,76.9591599519,-0.0911596009994,10.5694256332
124.687572414,76.9592599519,-0.0912596009994,10.6059832327
124.687672414,76.9593599519,-0.0913596009994,10.6393751483
124.687772414,76.9594599519,-0.0914596009994,10.6760397323
124.687872414,76.9595599519,-0.0915596009994,10.7128420899
124.687972414,76.9596599519,-0.0916596009994,10.7494186605
124.688072414,76.9597599519,-0.0917596009994,10.78276517
124.688172414,76.9598599519,-0.0918596009994,10.8027659848
124.688272414,76.9599599519,-0.0919596009994,10.83947753
124.688372414,76.9600599519,-0.0920596009994,10.872738514
124.688472414,76.9601599519,-0.0921596009994,10.9094892454
124.688572414,76.9602599519,-0.0922596009994,10.9462200727
124.688672414,76.9603599519,-0.0923596009994,10.9829017618
124.688772414,76.9604599519,-0.0924596009994,11.0161164066
124.688872414,76.9605599519,-0.0925596009994,11.0527937417
124.688972414,76.9606599519,-0.0926596009994,11.0896166254
124.689072414,76.9607599519,-0.0927596009994,11.1261748469
124.689172414,76.9608599519,-0.0928596009994,11.1595627195
124.689272414,76.9609599519,-0.0929596009994,11.1796674088
124.689372414,76.9610599519,-0.0930596009994,11.2163319928
124.689472414,76.9611599519,-0.0931596009994,11.2495335756
124.689572414,76.9612599519,-0.0932596009994,11.2862550728
124.689672414,76.9613599519,-0.0933596009994,11.322955422
124.689772414,76.9614599519,-0.0934596009994,11.3595161315
124.689872414,76.9615599519,-0.0935596009994,11.3930507968
124.689972414,76.9616599519,-0.0936596009994,11.429536866
124.690072414,76.9617599519,-0.0937596009994,11.4662300621
124.690172414,76.9618599519,-0.0938596009994,11.5029419183
124.690272414,76.9619599519,-0.0939596009994,11.5365154588
124.690372414,76.9620599519,-0.0940596009994,11.5728908114
124.690472414,76.9621599519,-0.0941596009994,11.6096648679
124.690572414,76.9622599519,-0.0942596009994,11.6464258624
124.690672414,76.9623599519,-0.0943596009994,11.6796489042
124.690772414,76.9624599519,-0.0944596009994,11.6997221824
124.690872414,76.9625599519,-0.0945596009994,11.7364471007
124.690972414,76.9626599519,-0.0946596009994,11.7696577025
124.691072414,76.9627599519,-0.0947596009994,11.8063885298
124.691172414,76.9628599519,-0.0948596009994,11.843110338
124.691272414,76.9629599519,-0.0949596009994,11.8798007351
124.691372414,76.9630599519,-0.0950596009994,11.9131472446
124.691472414,76.9631599519,-0.0951596009994,11.9497135521
124.691572414,76.9632599519,-0.0952596009994,11.9864816996
124.691672414,76.9633599519,-0.0953596009994,12.0231683647
124.691772414,76.9634599519,-0.0954596009994,12.056497147
124.691872414,76.9635599519,-0.0955596009994,12.0929838382
124.691972414,76.9636599519,-0.0956596009994,12.1298667452
124.692072414,76.9637599519,-0.0957596009994,12.1664430048
124.692172414,76.9638599519,-0.0958596009994,12.1998800156
124.692272414,76.9639599519,-0.0959596009994,12.2198102331
124.692372414,76.9640599519,-0.0960596009994,12.2565590985
124.692472414,76.9641599519,-0.0961596009994,12.289702524
124.692572414,76.9642599519,-0.0962596009994,12.3264330403
124.692672414,76.9643599519,-0.0963596009994,12.3631333895
124.692772414,76.9644599519,-0.0964596009994,12.3998744798
124.692872414,76.9645599519,-0.0965596009994,12.4331870901
124.692972414,76.9646599519,-0.0966596009994,12.4698606931
124.693072414,76.9647599519,-0.0967596009994,12.5065538892
124.693172414,76.9648599519,-0.0968596009994,12.5432175402
124.693272414,76.9649599519,-0.0969596009994,12.5765034044
124.693372414,76.9650599519,-0.0970596009994,12.6132852359
124.693472414,76.9651599519,-0.0971596009994,12.6500113982
124.693572414,76.9652599519,-0.0972596009994,12.6866753602
124.693672414,76.9653599519,-0.0973596009994,12.7199571813
124.693772414,76.9654599519,-0.0974596009994,12.7400484976
124.693872414,76.9655599519,-0.0975596009994,12.7765597578
124.693972414,76.9656599519,-0.0976596009994,12.8099286594
124.694072414,76.9657599519,-0.0977596009994,12.8466604197
124.694172414,76.9658599519,-0.0978596009994,12.8833735199
124.694272414,76.9659599519,-0.0979596009994,12.9199304974
124.694372414,76.9660599519,-0.0980596009994,12.953319614
124.694472414,76.9661599519,-0.0981596009994,12.9898722375
124.694572414,76.9662599519,-0.0982596009994,13.0266599781
124.694672414,76.9663599519,-0.0983596009994,13.0633883174
124.694772414,76.9664599519,-0.0984596009994,13.0967432238
124.694872414,76.9665599519,-0.0985596009994,13.1333978558
124.694972414,76.9666599519,-0.0986596009994,13.170104736
124.695072414,76.9667599519,-0.0987596009994,13.206774296
124.695172414,76.9668599519,-0.0988596009994,13.2399646827
124.695272414,76.9669599519,-0.0989596009994,13.2766868019
124.695372414,76.9670599519,-0.0990596009994,13.3135081307
124.695472414,76.9671599519,-0.0991596009994,13.3501145574
124.695572414,76.9672599519,-0.0992596009994,13.3833802064
124.695672414,76.9673599519,-0.0993596009994,13.4034453986
124.695772414,76.9674599519,-0.0994596009994,13.4401423267
124.695872414,76.9675599519,-0.0995596009994,13.473456492
124.695972414,76.9676599519,-0.0996596009994,13.5100887318
124.696072414,76.9677599519,-0.0997596009994,13.5468683864
124.696172414,76.9678599519,-0.0998596009994,13.5834745021
124.696272414,76.9679599519,-0.0999596009994,13.6168213225
124.696372414,76.9680599519,-0.100059600999,13.6533646159
124.696472414,76.9681599519,-0.100159600999,13.6902450349
124.696572414,76.9682599519,-0.100259600999,13.7268166295
124.696672414,76.9683599519,-0.100359600999,13.7601603399
124.696772414,76.9684599519,-0.100459600999,13.7967866707
124.696872414,76.9685599519,-0.100559600999,13.8334792449
124.696972414,76.9686599519,-0.100659600999,13.8701500489
124.697072414,76.9687599519,-0.100759600999,13.9034635921
124.697172414,76.9688599519,-0.100859600999,13.9401228891
124.697272414,76.9689599519,-0.100959600999,13.9768810845
124.697372414,76.9690599519,-0.101059600999,14.0136131559
124.697472414,76.9691599519,-0.101159600999,14.046901819
124.697572414,76.9692599519,-0.101259600999,14.0835278388
124.697672414,76.9693599519,-0.101359600999,14.120221657
124.697772414,76.9694599519,-0.101459600999,14.1569506183
124.697872414,76.9695599519,-0.101559600999,14.1902053823
124.697972414,76.9696599519,-0.101659600999,14.2102484933
124.698072414,76.9697599519,-0.101759600999,14.2468897522
124.698172414,76.9698599519,-0.101859600999,14.280322409
124.698272414,76.9699599519,-0.101959600999,14.3169347447
124.698372414,76.9700599519,-0.102059600999,14.3536322949
124.698472414,76.9701599519,-0.102159600999,14.3901958034
124.698572414,76.9702599519,-0.102259600999,14.4237214497
124.698672414,76.9703599519,-0.102359600999,14.4602156049
124.698772414,76.9704599519,-0.102459600999,14.4969395901
124.698872414,76.9705599519,-0.102559600999,14.5336153702
124.698972414,76.9706599519,-0.102659600999,14.5670082188
124.699072414,76.9707599519,-0.102759600999,14.6035729714
124.699172414,76.9708599519,-0.102859600999,14.6403911901
124.699272414,76.9709599519,-0.102959600999,14.6770632381
124.699372414,76.9710599519,-0.103059600999,14.7102788159
124.699472414,76.9711599519,-0.103159600999,14.7469343809
124.699572414,76.9712599519,-0.103259600999,14.7837224324
124.699672414,76.9713599519,-0.103359600999,14.8203730214
124.699772414,76.9714599519,-0.103459600999,14.8536224983
124.699872414,76.9715599519,-0.103559600999,14.8903766508
124.699972414,76.9716599519,-0.103659600999,14.9270583398
124.700072414,76.9717599519,-0.103759600999,14.963766153
124.700172414,76.9718599519,-0.103859600999,14.9969745778
124.700272414,76.9719599519,-0.103959600999,15.0336693289
124.700372414,76.9720599519,-0.104059600999,15.0704719976
124.700472414,76.9721599519,-0.104159600999,15.1072081119
124.700572414,76.9722599519,-0.104259600999,15.1404283547
124.700672414,76.9723599519,-0.104359600999,15.160511896
124.700772414,76.9724599519,-0.104459600999,15.1970747825
124.700872414,76.9725599519,-0.104559600999,15.230447727
124.700972414,76.9726599519,-0.104659600999,15.2670295846
124.701072414,76.9727599519,-0.104759600999,15.3037062977
124.701172414,76.9728599519,-0.104859600999,15.34044179
124.701272414,76.9729599519,-0.104959600999,15.3737855004
124.701372414,76.9730599519,-0.105059600999,15.4103785541
124.701472414,76.9731599519,-0.105159600999,15.4471532326
124.701572414,76.9732599519,-0.105259600999,15.4837823624
124.701672414,76.9733599519,-0.105359600999,15.5170221984
124.701772414,76.9734599519,-0.105459600999,15.5536870933
124.701872414,76.9735599519,-0.105559600999,15.5904679919
124.701972414,76.9736599519,-0.105659600999,15.6271730061
124.702072414,76.9737599519,-0.105759600999,15.6604367891
124.702172414,76.9738599519,-0.105859600999,15.6970991961
124.702272414,76.9739599519,-0.105959600999,15.7338533485
124.702372414,76.9740599519,-0.106059600999,15.7705294396
124.702472414,76.9741599519,-0.106159600999,15.8038003756
124.702572414,76.9742599519,-0.106259600999,15.8404553186
124.702672414,76.9743599519,-0.106359600999,15.8772610972
124.702772414,76.9744599519,-0.106459600999,15.9138050127
124.702872414,76.9745599519,-0.106559600999,15.94712291
124.792622174,76.3090234851,-0.0520834666773,15.9872912364
124.792722174,76.3091234851,-0.0521834666773,16.0205565744
124.792822174,76.3092234851,-0.0522834666773,16.057129413
124.792922174,76.3093234851,-0.0523834666773,16.0905343907
124.793022174,76.3094234851,-0.0524834666773,16.1270717751
124.793122174,76.3095234851,-0.0525834666773,16.1637892293
124.793222174,76.3096234851,-0.0526834666773,16.2005315637
124.793322174,76.3097234851,-0.0527834666773,16.2338118298
124.793422174,76.3098234851,-0.0528834666773,16.2704692608
124.793522174,76.3099234851,-0.0529834666773,16.3072081741
124.793622174,76.3100234851,-0.0530834666773,16.3439013702
124.793722174,76.3101234851,-0.0531834666773,16.37710824
124.793822174,76.3102234851,-0.0532834666773,16.4139003346
124.793922174,76.3103234851,-0.0533834666773,16.4509505604
124.794022174,76.3104234851,-0.0534834666773,16.4872801958
124.794122174,76.3105234851,-0.0535834666773,16.5206854845
124.794222174,76.3106234851,-0.0536834666773,16.557245883
124.794322174,76.3107234851,-0.0537834666773,16.5940955129
124.794422174,76.3108234851,-0.0538834666773,16.6306975856
124.794522174,76.3109234851,-0.0539834666773,16.6639302685
124.794622174,76.3110234851,-0.0540834666773,16.7006265746
124.794722174,76.3111234851,-0.0541834666773,16.7374466594
124.794822174,76.3112234851,-0.0542834666773,16.7738615092
124.794922174,76.3113234851,-0.0543834666773,16.8072599559
124.795022174,76.3114234851,-0.0544834666773,16.8438032493
124.795122174,76.3115234851,-0.0545834666773,16.8805791718
124.795222174,76.3116234851,-0.0546834666773,16.9172338037
124.795322174,76.3117234851,-0.0547834666773,16.9507367469
124.795422174,76.3118234851,-0.0548834666773,16.9871693238
124.795522174,76.3119234851,-0.0549834666773,17.0241262492
124.795622174,76.3120234851,-0.0550834666773,17.0606732746
124.795722174,76.3121234851,-0.0551834666773,17.0939625598
124.795822174,76.3122234851,-0.0552834666773,17.1305944886
124.795922174,76.3123234851,-0.0553834666773,17.1673900042
124.796022174,76.3124234851,-0.0554834666773,17.204000163
124.796122174,76.3125234851,-0.0555834666773,17.2373208593
124.796222174,76.3126234851,-0.0556834666773,17.2739583861
124.796322174,76.3127234851,-0.0557834666773,17.3106876584
124.796422174,76.3128234851,-0.0558834666773,17.3474265718
124.796522174,76.3129234851,-0.0559834666773,17.3806726277
124.796622174,76.3130234851,-0.0560834666773,17.4007822931
124.796722174,76.3131234851,-0.0561834666773,17.4372543672
124.796822174,76.3132234851,-0.0562834666773,17.4707246552
124.796922174,76.3133234851,-0.0563834666773,17.507358139
124.797022174,76.3134234851,-0.0564834666773,17.5440836793
124.797122174,76.3135234851,-0.0565834666773,17.5806406568
124.797222174,76.3136234851,-0.0566834666773,17.6140033383
124.797322174,76.3137234851,-0.0567834666773,17.6505879949
124.797422174,76.3138234851,-0.0568834666773,17.68749516
124.797522174,76.3139234851,-0.0569834666773,17.7240176164
124.797622174,76.3140234851,-0.0570834666773,17.7572652273
124.797722174,76.3141234851,-0.0571834666773,17.7941092592
124.797822174,76.3142234851,-0.0572834666773,17.8307626471
124.797922174,76.3143234851,-0.0573834666773,17.8674412262
124.798022174,76.3144234851,-0.0574834666773,17.9006875931
124.798122174,76.3145234851,-0.0575834666773,17.9373826553
124.798222174,76.3146234851,-0.0576834666773,17.9740665213
124.798322174,76.3147234851,-0.0577834666773,18.0107283063
124.798422174,76.3148234851,-0.0578834666773,18.0440135485
124.798522174,76.3149234851,-0.0579834666773,18.0806846635
124.798622174,76.3150234851,-0.0580834666773,18.1175815656
124.798722174,76.3151234851,-0.0581834666773,18.1541124189
124.798822174,76.3152234851,-0.0582834666773,18.187383044
125.771941225,75.7335630601,-0.0166520841138,18.2250907269
125.772041225,75.7336630601,-0.0167520841138,18.2608232395
125.772141225,75.7337630601,-0.0168520841138,18.2973895471
125.772241225,75.7338630601,-0.0169520841138,18.3307208174
125.772341225,75.7339630601,-0.0170520841138,18.3673539903
125.772441225,75.7340630601,-0.0171520841138,18.4041902471
125.772541225,75.7341630601,-0.0172520841138,18.4408103578
125.772641225,75.7342630601,-0.0173520841138,18.4740343327
125.772741225,75.7343630601,-0.0174520841138,18.5106989167
125.772841225,75.7344630601,-0.0175520841138,18.547439074
125.772941225,75.7345630601,-0.0176520841138,18.5841493752
125.773041225,75.7346630601,-0.0177520841138,18.6174492345
125.773141225,75.7347630601,-0.0178520841138,18.6541159955
125.773241225,75.7348630601,-0.0179520841138,18.6908309617
125.773341225,75.7349630601,-0.0180520841138,18.7275138948
125.773441225,75.7350630601,-0.0181520841138,18.7607328936
125.773541225,75.7351630601,-0.0182520841138,18.7974506588
125.773641225,75.7352630601,-0.0183520841138,18.8343304558
125.773741225,75.7353630601,-0.0184520841138,18.8708818353
125.773841225,75.7354630601,-0.0185520841138,18.9041549484
125.773941225,75.7355630601,-0.0186520841138,18.9407996283
125.774041225,75.7356630601,-0.0187520841138,18.977622201
125.774141225,75.7357630601,-0.0188520841138,19.0142531969
125.774241225,75.7358630601,-0.0189520841138,19.047547769
125.774341235,75.7359630744,0.124224289569,19.0678704704
125.774441235,75.7360630744,0.124124289569,19.1043039803
125.774541235,75.7361630744,0.124024289569,19.1375624763
125.774641235,75.7362630744,0.123924289569,19.1743421308
125.774741235,75.7363630744,0.123824289569,19.2111009483
125.774841235,75.7364630744,0.123724289569,19.2475898164
125.774941235,75.7365630744,0.123624289569,19.2807960642
125.775041235,75.7366630744,0.123524289569,19.3175446186
125.775141235,75.7367630744,0.123424289569,19.3542403027
125.775241235,75.7368630744,0.123324289569,19.3909904121
125.775341235,75.7369630744,0.123224289569,19.4241848419
125.775441235,75.7370630744,0.123124289569,19.460874306
125.775541235,75.7371630744,0.123024289569,19.4976539605
125.775641235,75.7372630744,0.122924289569,19.5344028259
125.775741235,75.7373630744,0.122824289569,19.5675670885
125.775841235,75.7374630744,0.122724289569,19.6042593516
125.775941235,75.7375630744,0.122624289569,19.6409777388
125.776041235,75.7376630744,0.122524289569,19.677686174
125.776141235,75.7377630744,0.122424289569,19.7109602201
125.776241235,75.7378630744,0.122324289569,19.7476328901
125.776341235,75.7379630744,0.122224289569,19.7844137887
125.776441235,75.7380630744,0.122124289569,19.8210382535
125.776541235,75.7381630744,0.122024289569,19.8544189731
125.776641235,75.7382630744,0.121924289569,19.8744555531
125.776741235,75.7383630744,0.121824289569,19.9109767654
125.776841235,75.7384630744,0.121724289569,19.9444737995
125.776941235,75.7385630744,0.121624289569,19.9809483616
125.777041235,75.7386630744,0.121524289569,20.0176608398
125.777141235,75.7387630744,0.121424289569,20.0544146813
125.777241235,75.7388630744,0.121324289569,20.0876470532
125.777341235,75.7389630744,0.121224289569,20.1243191012
125.777441235,75.7390630744,0.121124289569,20.1610545935
125.777541235,75.7391630744,0.121024289569,20.1977160675
125.777641235,75.7392630744,0.120924289569,20.2309627454
125.777741235,75.7393630744,0.120824289569,20.2677035248
125.777841235,75.7394630744,0.120724289569,20.3044474142
125.777941235,75.7395630744,0.120624289569,20.3410952041
125.778041235,75.7396630744,0.120524289569,20.3744423355
125.778141235,75.7397630744,0.120424289569,20.4112278991
125.778241235,75.7398630744,0.120324289569,20.4479447313
125.778341235,75.7399630744,0.120224289569,20.4845296989
125.778441235,75.7400630744,0.120124289569,20.5177586498
