148.766438122,21.6748703498,0.0184534759148,0.0369127631578
148.923065876,22.246780007,0.052762402727,0.0658931231046
148.923165876,22.246880007,0.052662402727,0.0953670423668
148.923265876,22.246980007,0.052562402727,0.132024162325
148.923365876,22.247080007,0.052462402727,0.168692478336
148.923465876,22.247180007,0.052362402727,0.20543170268
148.923565876,22.247280007,0.052262402727,0.238710102789
148.923665876,22.247380007,0.052162402727,0.275402987915
148.923765876,22.247480007,0.052062402727,0.3122787419
148.923865876,22.247580007,0.051962402727,0.34884038441
148.923965876,22.247680007,0.051862402727,0.385378079809
148.924065876,22.247780007,0.051762402727,0.418682293039
148.924165876,22.247880007,0.051662402727,0.455577329113
148.924265876,22.247980007,0.051562402727,0.492220454006
148.924365876,22.248080007,0.051462402727,0.528853626852
148.924465876,22.248180007,0.051362402727,0.562236834453
148.924565876,22.248280007,0.051262402727,0.598852280216
148.924665876,22.248380007,0.051162402727,0.635613274662
148.924765876,22.248480007,0.051062402727,0.672377379122
148.924865876,22.248580007,0.050962402727,0.705547239722
148.924965876,22.248680007,0.050862402727,0.742316942209
148.925065876,22.248780007,0.050762402727,0.779018535376
148.925165876,22.248880007,0.050662402727,0.815726037571
148.925265876,22.248980007,0.050562402727,0.852464950913
148.925365876,22.249080007,0.050462402727,0.885630146491
148.925465876,22.249180007,0.050362402727,0.922509943494
148.925565876,22.249280007,0.050262402727,0.959162709432
148.925665876,22.249380007,0.050162402727,0.995810499347
148.925765876,22.249480007,0.050062402727,1.02913399467
148.925865876,22.249580007,0.049962402727,1.06583216682
148.925965876,22.249680007,0.049862402727,1.10254806605
148.926065876,22.249780007,0.049762402727,1.13911499559
148.926165876,22.249880007,0.049662402727,1.17258963762
148.926265876,22.249980007,0.049562402727,1.20905766869
148.926365876,22.250080007,0.049462402727,1.24586469135
148.926465876,22.250180007,0.049362402727,1.28248573514
148.926565876,22.250280007,0.049262402727,1.31591434895
148.926665876,22.250380007,0.049162402727,1.33582030833
148.926765876,22.250480007,0.049062402727,1.372628575
148.926865876,22.250580007,0.048962402727,1.40586654492
148.926965876,22.250680007,0.048862402727,1.44255289902
148.927065876,22.250780007,0.048762402727,1.47930736243
148.927165876,22.250880007,0.048662402727,1.51595297534
148.927265876,22.250980007,0.048562402727,1.54921644737
148.927365876,22.251080007,0.048462402727,1.58587636635
148.927465876,22.251180007,0.048362402727,1.62272070918
148.927565876,22.251280007,0.048262402727,1.65942758937
148.927665876,22.251380007,0.048162402727,1.6927318026
148.927765876,22.251480007,0.048062402727,1.71280290376
148.927865876,22.251580007,0.047962402727,1.74944354064
148.927965876,22.251680007,0.047862402727,1.78272940478
148.928065876,22.251780007,0.047762402727,1.81938154872
148.928165876,22.251880007,0.047662402727,1.85615809324
148.928265876,22.251980007,0.047562402727,1.89279033308
148.928365876,22.252080007,0.047462402727,1.92946331411
148.928465876,22.252180007,0.047362402727,1.96272087712
148.928565876,22.252280007,0.047262402727,1.99945699145
148.928665876,22.252380007,0.047162402727,2.03617724471
148.928765876,22.252480007,0.047062402727,2.07289687596
148.928865876,22.252580007,0.046962402727,2.10610467874
148.928965876,22.252680007,0.046862402727,2.14284452508
148.929065876,22.252780007,0.046762402727,2.17960085451
148.929165876,22.252880007,0.046662402727,2.21627290254
148.929265876,22.252980007,0.046562402727,2.24954414961
148.929365876,22.253080007,0.046462402727,2.28622459468
148.929465876,22.253180007,0.046362402727,2.32297688108
148.929565876,22.253280007,0.046262402727,2.3596675892
148.929665876,22.253380007,0.046162402727,2.39638659845
148.929765876,22.253480007,0.046062402727,2.42967152959
148.929865876,22.253580007,0.045962402727,2.46643594505
148.929965876,22.253680007,0.045862402727,2.50313629421
148.930065876,22.253780007,0.045762402727,2.53972965887
148.930165876,22.253880007,0.045662402727,2.57316262671
148.930265876,22.253980007,0.045562402727,2.60983000971
148.930365876,22.254080007,0.045462402727,2.6465788751
148.930465876,22.254180007,0.045362402727,2.68314176162
148.930565876,22.254280007,0.045262402727,2.71649169206
148.930665876,22.254380007,0.045162402727,2.75314508
148.930765876,22.254480007,0.045062402727,2.78982676908
148.930865876,22.254580007,0.044962402727,2.82653707029
148.930965876,22.254680007,0.044862402727,2.86327971565
148.931065876,22.254780007,0.044762402727,2.89655656075
148.931165876,22.254880007,0.044662402727,2.93324726886
148.931265876,22.254980007,0.044562402727,2.9700275454
148.676838257,21.7645927387,0.00614705345299,3.01106885292
148.676938257,21.7646927387,0.00604705345299,3.03992419028
148.677038257,21.7647927387,0.00594705345299,3.07669016075
148.677138257,21.7648927387,0.00584705345299,3.11346359526
148.677238257,21.7649927387,0.00574705345299,3.15009303609
148.677338257,21.7650927387,0.00564705345299,3.18336988119
148.677438257,21.7651927387,0.00554705345299,3.20341796823
148.677538257,21.7652927387,0.00544705345299,3.24010370033
148.677638257,21.7653927387,0.00534705345299,3.2736526717
148.677738257,21.7654927387,0.00524705345299,3.31036608293
148.677838257,21.7655927387,0.00514705345299,3.34696411261
148.677938257,21.7656927387,0.00504705345299,3.38369929393
148.678038257,21.7657927387,0.00494705345299,3.41694939291
148.678138257,21.7658927387,0.00484705345299,3.43693559066
148.678238257,21.7659927387,0.00474705345299,3.47353206534
148.678338257,21.7660927387,0.00464705345299,3.50687546475
148.678438257,21.7661927387,0.00454705345299,3.54360287104
148.678538257,21.7662927387,0.00444705345299,3.58028673713
148.556807201,21.1722699118,-0.0492008841012,3.61803640521
148.556907201,21.1723699118,-0.0493008841012,3.65027295043
148.668367402,21.6032478456,0.0181007867978,3.67427635403
148.668467402,21.6033478456,0.0180007867978,3.70703289369
148.668567402,21.6034478456,0.0179007867978,3.74037007308
148.668667402,21.6035478456,0.0178007867978,3.77703030305
148.668767402,21.6036478456,0.0177007867978,3.81380124954
148.668867402,21.6037478456,0.0176007867978,3.85055788997
148.668967402,21.6038478456,0.0175007867978,3.88374361164
148.669067402,21.6039478456,0.0174007867978,3.90386509503
148.669167402,21.6040478456,0.0173007867978,3.94040590044
148.669267402,21.6041478456,0.0172007867978,3.97385877237
148.669367402,21.6042478456,0.0171007867978,4.01049567724
148.669467402,21.6043478456,0.0170007867978,4.04729958988
148.669567402,21.6044478456,0.0169007867978,4.08392249968
148.669667402,21.6045478456,0.0168007867978,4.12055816054
148.669767402,21.6046478456,0.0167007867978,4.15381292454
148.669867402,21.6047478456,0.0166007867978,4.19060190911
148.669967402,21.6048478456,0.0165007867978,4.22731594234
148.573095081,21.4766446584,0.0480464644608,4.26773928997
148.573195081,21.4767446584,0.0479464644608,4.29732548075
148.573295081,21.4768446584,0.0478464644608,4.3339801127
148.573395081,21.4769446584,0.0477464644608,4.37072027005
148.573495081,21.4770446584,0.0476464644608,4.40746229341
148.573595081,21.4771446584,0.0475464644608,4.44417570463
148.573695081,21.4772446584,0.0474464644608,4.47742891362
148.573795081,21.4773446584,0.0473464644608,4.51418617605
148.573895081,21.4774446584,0.0472464644608,4.55103549491
148.573995081,21.4775446584,0.0471464644608,4.58756417126
148.574095081,21.4776446584,0.0470464644608,4.62091845573
148.574195081,21.4777446584,0.0469464644608,4.65756002561
148.574295081,21.4778446584,0.0468464644608,4.69448896085
148.68334247,21.8390468244,0.00229786383634,4.73414817789
148.68344247,21.8391468244,0.00219786383634,4.76429790332
148.68354247,21.8392468244,0.00209786383634,4.78438828657
148.68364247,21.8393468244,0.00199786383634,4.82095894812
148.68374247,21.8394468244,0.00189786383634,4.85433935671
148.845401169,21.8104425585,0.0146386449676,4.89563381942
148.925280887,22.1622047709,0.00511547689076,4.93131937082
148.962955728,22.276487735,0.00396095200539,4.96739336304
148.890499937,22.1170479823,-0.00733379432715,5.00149840503
148.711561852,21.8042265831,0.0286404327804,5.0383076047
148.711661852,21.8043265831,0.0285404327804,5.07113007667
148.711761852,21.8044265831,0.0284404327804,5.10786059297
148.711861852,21.8045265831,0.0283404327804,5.14455814312
148.711961852,21.8046265831,0.0282404327804,5.17782503618
148.712061852,21.8047265831,0.0281404327804,5.21450765826
148.712161852,21.8048265831,0.0280404327804,5.25132307796
148.712261852,21.8049265831,0.0279404327804,5.28794038973
148.712361852,21.8050265831,0.0278404327804,5.32120914879
148.712461852,21.8051265831,0.0277404327804,5.35791509598
148.712561852,21.8052265831,0.0276404327804,5.3946496553
148.712661852,21.8053265831,0.0275404327804,5.43130801927
148.712761852,21.8054265831,0.0274404327804,5.46461161049
148.712861852,21.8055265831,0.0273404327804,5.48478596413
148.712961852,21.8056265831,0.0272404327804,5.52150093036
148.713061852,21.8057265831,0.0271404327804,5.55481602864
148.713161852,21.8058265831,0.0270404327804,5.5912588686
148.713261852,21.8059265831,0.0269404327804,5.62804785317
148.713361852,21.8060265831,0.0268404327804,5.66469253307
148.713461852,21.8061265831,0.0267404327804,5.69798959327
148.713561852,21.8062265831,0.0266404327804,5.71809303857
148.713661852,21.8063265831,0.0265404327804,5.75475979958
148.713761852,21.8064265831,0.0264404327804,5.78806059179
148.713861852,21.8065265831,0.0263404327804,5.82478986409
148.713961852,21.8066265831,0.0262404327804,5.86154494951
148.714061852,21.8067265831,0.0261404327804,5.89815604125
148.714161852,21.8068265831,0.0260404327804,5.93153955985
148.714261852,21.8069265831,0.0259404327804,5.9681935698
148.714361852,21.8070265831,0.0258404327804,6.00487805788
148.714461852,21.8071265831,0.0257404327804,6.041568766
148.714561852,21.8072265831,0.0256404327804,6.07490532338
148.714661852,21.8073265831,0.0255404327804,6.09489836317
148.714761852,21.8074265831,0.0254404327804,6.13157383221
148.714861852,21.8075265831,0.0253404327804,6.16492873868
148.714961852,21.8076265831,0.0252404327804,6.20171368024
148.715061852,21.8077265831,0.0251404327804,6.23834560908
148.715161852,21.8078265831,0.0250404327804,6.27496478686
148.715261852,21.8079265831,0.0249404327804,6.30836074552
148.715361852,21.8080265831,0.0248404327804,6.3448735608
148.715461852,21.8081265831,0.0247404327804,6.38169333452
148.715561852,21.8082265831,0.0246404327804,6.41834983248
148.715661852,21.8083265831,0.0245404327804,6.45505204765
148.715761863,21.8084265582,0.24001635563,6.48832764874
148.840586042,21.8518406166,-0.00376918417739,6.53106204821
148.653102899,21.4993914507,-0.0196031870391,6.56548213468
148.653202899,21.4994914507,-0.0197031870391,6.59840630412
148.884304894,22.0660436718,0.00534627854328,6.63534705741
148.884404894,22.0661436718,0.00524627854328,6.66852127203
148.884504894,22.0662436718,0.00514627854328,6.70528941951
148.884604894,22.0663436718,0.00504627854328,6.74191139631
148.884704894,22.0664436718,0.00494627854328,6.7751661603
148.884804894,22.0665436718,0.00484627854328,6.7952462805
148.884904894,22.0666436718,0.00474627854328,6.83187074531
148.885004894,22.0667436718,0.00464627854328,6.86523622582
148.885104894,22.0668436718,0.00454627854328,6.90197296216
148.885204894,22.0669436718,0.00444627854328,6.9387128085
148.885304894,22.0670436718,0.00434627854328,6.9752082077
148.58566291,21.5976322216,-0.0348904836045,7.01335751266
148.58576291,21.5977322216,-0.0349904836045,7.04524822426
148.58586291,21.5978322216,-0.0350904836045,7.08204684988
148.58596291,21.5979322216,-0.0351904836045,7.1187164099
148.58606291,21.5980322216,-0.0352904836045,7.15540089799
148.58616291,21.5981322216,-0.0353904836045,7.18867712108
148.58626291,21.5982322216,-0.0354904836045,7.22539706334
148.58636291,21.5983322216,-0.0355904836045,7.26211327357
148.58646291,21.5984322216,-0.0356904836045,7.29880024967
148.58656291,21.5985322216,-0.0357904836045,7.33216666319
148.58666291,21.5986322216,-0.0358904836045,7.3688128981
148.58676291,21.5987322216,-0.0359904836045,7.40554621342
148.58686291,21.5988322216,-0.0360904836045,7.44229196879
148.770096872,21.861576077,0.119198940176,7.47656775058
148.770196881,21.8616760562,-0.0936007832792,7.51231208126
148.770296881,21.8617760562,-0.0937007832792,7.54902082746
148.770396881,21.8618760562,-0.0938007832792,7.58575289877
148.770496881,21.8619760562,-0.0939007832792,7.62222124084
148.465242595,21.2656896535,0.0172188456402,7.65969100761
148.465342595,21.2657896535,0.0171188456402,7.69247647041
148.465442595,21.2658896535,0.0170188456402,7.72908538514
148.465542595,21.2659896535,0.0169188456402,7.76566008971
148.465642595,21.2660896535,0.0168188456402,7.79906600042
148.465742595,21.2661896535,0.0167188456402,7.83569357524
148.465842595,21.2662896535,0.0166188456402,7.87244772765
148.465942595,21.2663896535,0.0165188456402,7.90909831658
148.466042595,21.2664896535,0.0164188456402,7.94582323486
148.466142595,21.2665896535,0.0163188456402,7.97906804681
148.466242595,21.2666896535,0.0162188456402,8.01582593124
148.466342595,21.2667896535,0.0161188456402,8.05257541863
148.466442595,21.2668896535,0.0160188456402,8.08926892576
148.466542595,21.2669896535,0.0159188456402,8.12258184703
148.466642595,21.2670896535,0.0158188456402,8.15920879985
148.466742595,21.2671896535,0.0157188456402,8.19601177949
148.466842595,21.2672896535,0.0156188456402,8.23276033388
148.466942595,21.2673896535,0.0155188456402,8.26928496722
148.467042595,21.2674896535,0.0154188456402,8.30276303026
148.467142595,21.2675896535,0.0153188456402,8.33939900212
148.467242595,21.2676896535,0.0152188456402,8.37609686327
148.467342595,21.2677896535,0.0151188456402,8.41273501214
148.467442595,21.2678896535,0.0150188456402,8.44598573312
148.467542595,21.2679896535,0.0149188456402,8.48277160768
148.467642595,21.2680896535,0.0148188456402,8.51952918111
148.467742595,21.2681896535,0.0147188456402,8.55614213886
148.467842595,21.2682896535,0.0146188456402,8.58950233236
148.467942595,21.2683896535,0.0145188456402,8.62607796993
148.468042595,21.2684896535,0.0144188456402,8.66283958638
148.468142595,21.2685896535,0.0143188456402,8.69971782838
148.468242595,21.2686896535,0.0142188456402,8.73650401394
148.468342595,21.2687896535,0.0141188456402,8.76971026171
148.468442595,21.2688896535,0.0140188456402,8.80623365104
148.468542595,21.2689896535,0.0139188456402,8.8429756744
148.468642595,21.2690896535,0.0138188456402,8.87971956376
148.468742595,21.2691896535,0.0137188456402,8.91297805978
148.468842595,21.2692896535,0.0136188456402,8.94968307396
148.468942595,21.2693896535,0.0135188456402,8.98648698661
148.469042595,21.2694896535,0.0134188456402,9.02313726454
148.469142595,21.2695896535,0.0133188456402,9.05645920485
148.469242595,21.2696896535,0.0132188456402,9.09305816754
148.469342595,21.2697896535,0.0131188456402,9.12985834817
148.469442595,21.2698896535,0.0130188456402,9.16641128264
148.469542595,21.2699896535,0.0129188456402,9.203155172
148.469642595,21.2700896535,0.0128188456402,9.23642828509
148.469742595,21.2701896535,0.0127188456402,9.27314947134
148.469842595,21.2702896535,0.0126188456402,9.30977486915
148.469942595,21.2703896535,0.0125188456402,9.34646526627
148.470042595,21.2704896535,0.0124188456402,9.37977321152
148.470142595,21.2705896535,0.0123188456402,9.4165208329
148.470242595,21.2706896535,0.0122188456402,9.453208431
148.470342595,21.2707896535,0.0121188456402,9.4899162442
148.470442595,21.2708896535,0.0120188456402,9.52323196448
148.470542595,21.2709896535,0.0119188456402,9.55999482494
148.470642595,21.2710896535,0.0118188456402,9.59666718397
148.470742595,21.2711896535,0.0117188456402,9.63334949504
148.470842595,21.2712896535,0.0116188456402,9.66662385213
148.470942595,21.2713896535,0.0115188456402,9.70333166533
148.471042595,21.2714896535,0.0114188456402,9.74002237344
148.471142595,21.2715896535,0.0113188456402,9.77674387071
148.471242595,21.2716896535,0.0112188456402,9.81334874242
148.471342595,21.2717896535,0.0111188456402,9.84654037312
148.471442595,21.2718896535,0.0110188456402,9.88330105657
148.471542595,21.2719896535,0.0109188456402,9.92003717089
148.471642595,21.2720896535,0.0108188456402,9.95673472104
148.471742595,21.2721896535,0.0107188456402,9.98999726008
148.471842595,21.2722896535,0.0106188456402,10.0267383504
148.471942595,21.2723896535,0.0105188456402,10.0635049429
148.472042595,21.2724896535,0.0104188456402,10.1001545988
148.472142595,21.2725896535,0.0103188456402,10.1334578791
148.472242595,21.2726896535,0.0102188456402,10.1701541852
148.472342595,21.2727896535,0.0101188456402,10.2069487678
148.472442595,21.2728896535,0.0100188456402,10.2435300034
148.472542595,21.2729896535,0.00991884564018,10.28031961
148.472642595,21.2730896535,0.00981884564018,10.3135361208
148.472742595,21.2731896535,0.00971884564018,10.3503080003
148.472842595,21.2732896535,0.00961884564018,10.3870338516
148.472942595,21.2733896535,0.00951884564018,10.4237205167
148.473042595,21.2734896535,0.00941884564018,10.4569830557
148.473142595,21.2735896535,0.00931884564018,10.493721347
148.473242595,21.2736896535,0.00921884564018,10.5304036581
148.473342595,21.2737896535,0.00911884564018,10.5670091518
148.473442595,21.2738896535,0.00901884564018,10.6004657558
148.473542595,21.2739896535,0.00891884564018,10.636961466
148.473642595,21.2740896535,0.00881884564018,10.6738782722
148.473742595,21.2741896535,0.00871884564018,10.7105633823
148.473842595,21.2742896535,0.00861884564018,10.7472037081
148.473942595,21.2743896535,0.00851884564018,10.7803769897
148.474042595,21.2744896535,0.00841884564018,10.8171526013
148.474142595,21.2745896535,0.00831884564018,10.8538386444
148.474242595,21.2746896535,0.00821884564018,10.8905526776
148.474342595,21.2747896535,0.00811884564018,10.9238301447
148.474442595,21.2748896535,0.00801884564018,10.9605392019
148.474542595,21.2749896535,0.00791884564018,10.997222757
148.474642595,21.2750896535,0.00781884564018,11.0339514073
148.474742595,21.2751896535,0.00771884564018,11.0674002362
148.474842595,21.2752896535,0.00761884564018,11.1039873808
148.474942595,21.2753896535,0.00751884564018,11.1406706249
148.475042595,21.2754896535,0.00741884564018,11.1774316193
148.475142595,21.2755896535,0.00731884564018,11.2106994454
148.475242595,21.2756896535,0.00721884564018,11.2307808096
148.475342595,21.2757896535,0.00711884564018,11.2672992229
148.475442595,21.2758896535,0.00701884564018,11.3006945596
148.475542595,21.2759896535,0.00691884564018,11.3372677091
148.475642595,21.2760896535,0.00681884564018,11.3740840618
148.475742595,21.2761896535,0.00671884564018,11.410786588
148.475842595,21.2762896535,0.00661884564018,11.4441750826
148.475942595,21.2763896535,0.00651884564018,11.4641852275
148.476042595,21.2764896535,0.00641884564018,11.500966437
148.476142595,21.2765896535,0.00631884564018,11.5341565127
148.476242595,21.2766896535,0.00621884564018,11.5708151877
148.476342595,21.2767896535,0.00611884564018,11.6075889332
148.476442595,21.2768896535,0.00601884564018,11.6442277041
148.736780253,21.9145203982,-0.0165377632201,11.6847938014
148.736880253,21.9146203982,-0.0166377632201,11.7142114294
148.736980253,21.9147203982,-0.0167377632201,11.7510542172
148.737080253,21.9148203982,-0.0168377632201,11.787687079
148.737180253,21.9149203982,-0.0169377632201,11.8243693901
148.737280253,21.9150203982,-0.0170377632201,11.8577690808
148.737380253,21.9151203982,-0.0171377632201,11.8944199807
148.737480253,21.9152203982,-0.0172377632201,11.9311141099
148.737580253,21.9153203982,-0.0173377632201,11.9677855359
148.737680253,21.9154203982,-0.0174377632201,12.001060826
148.737780253,21.9155203982,-0.0175377632201,12.0375742633
148.737880253,21.9156203982,-0.0176377632201,12.0745031985
148.737980253,21.9157203982,-0.0177377632201,12.1111009172
148.738080253,21.9158203982,-0.0178377632201,12.1444996748
148.738180253,21.9159203982,-0.0179377632201,12.1643838641
148.738280253,21.9160203982,-0.0180377632201,12.2011684947
148.738380253,21.9161203982,-0.0181377632201,12.2343607474
148.738480253,21.9162203982,-0.0182377632201,12.271162483
148.738580253,21.9163203982,-0.0183377632201,12.3078631432
148.738680265,21.9164203703,-0.0838870086049,12.3446446637
148.738780265,21.9165203703,-0.0839870086049,12.3812971187
148.738880265,21.9166203703,-0.0840870086049,12.4145195385
148.738980265,21.9167203703,-0.0841870086049,12.4514316797
148.739080265,21.9168203703,-0.0842870086049,12.48795227
148.739180265,21.9169203703,-0.0843870086049,12.5247331685
148.739280265,21.9170203703,-0.0844870086049,12.5579618084
148.739380265,21.9171203703,-0.0845870086049,12.5947181378
148.739480265,21.9172203703,-0.0846870086049,12.6315077444
148.739580265,21.9173203703,-0.0847870086049,12.6679953686
148.739680265,21.9174203703,-0.0848870086049,12.7014298914
148.739780265,21.9175203703,-0.0849870086049,12.7381330396
148.739880265,21.9176203703,-0.0850870086049,12.774895589
148.739980265,21.9177203703,-0.0851870086049,12.8114678056
148.740080265,21.9178203703,-0.0852870086049,12.8481243036
148.740180265,21.9179203703,-0.0853870086049,12.8814325598
148.740280265,21.9180203703,-0.0854870086049,12.9181559231
148.740380265,21.9181203703,-0.0855870086049,12.9549113195
148.740480265,21.9182203703,-0.0856870086049,12.9916231757
148.740580265,21.9183203703,-0.0857870086049,13.0248953558
148.740680265,21.9184203703,-0.0858870086049,13.0616202741
148.740780265,21.9185203703,-0.0859870086049,13.0983140922
148.740880265,21.9186203703,-0.0860870086049,13.1349618821
148.740980265,21.9187203703,-0.0861870086049,13.1682312632
148.741080265,21.9188203703,-0.0862870086049,13.1883154264
148.741180265,21.9189203703,-0.0863870086049,13.225109698
148.741280265,21.9190203703,-0.0864870086049,13.2584213753
148.741380265,21.9191203703,-0.0865870086049,13.295036199
148.741480265,21.9192203703,-0.0866870086049,13.3318646808
148.741580265,21.9193203703,-0.0867870086049,13.3684633325
148.741680265,21.9194203703,-0.0868870086049,13.4018008228
148.741780265,21.9195203703,-0.0869870086049,13.4218908951
148.741880265,21.9196203703,-0.0870870086049,13.4584310785
148.741980265,21.9197203703,-0.0871870086049,13.4919365097
148.742080265,21.9198203703,-0.0872870086049,13.52866516
148.742180265,21.9199203703,-0.0873870086049,13.5652896248
148.742280265,21.9200203703,-0.0874870086049,13.6018801904
148.742380265,21.9201203703,-0.0875870086049,13.6352988522
148.742480265,21.9202203703,-0.0876870086049,13.6552617248
148.742580265,21.9203203703,-0.0877870086049,13.6919241318
148.742680265,21.9204203703,-0.0878870086049,13.7252796603
148.742780265,21.9205203703,-0.0879870086049,13.7619140771
148.742880265,21.9206203703,-0.0880870086049,13.7986595215
148.742980265,21.9207203703,-0.0881870086049,13.8353499186
148.743080265,21.9208203703,-0.0882870086049,13.8685620754
148.743180265,21.9209203703,-0.0883870086049,13.9052677116
148.743280265,21.9210203703,-0.0884870086049,13.942027151
148.743380265,21.9211203703,-0.0885870086049,13.9787924995
148.743480265,21.9212203703,-0.0886870086049,14.0153945722
148.743580265,21.9213203703,-0.0887870086049,14.0487407706
148.743680265,21.9214203703,-0.0888870086049,14.0855490373
148.743780265,21.9215203703,-0.0889870086049,14.1221632391
148.743880265,21.9216203703,-0.0890870086049,14.1587052885
148.743980265,21.9217203703,-0.0891870086049,14.1921833515
148.744080265,21.9218203703,-0.0892870086049,14.2286943008
148.744180265,21.9219203703,-0.0893870086049,14.2654795534
148.744280265,21.9220203703,-0.0894870086049,14.3022026056
148.744380265,21.9221203703,-0.0895870086049,14.335529211
148.744480265,21.9222203703,-0.0896870086049,14.3721869529
148.744580265,21.9223203703,-0.0897870086049,14.408874551
148.744680265,21.9224203703,-0.0898870086049,14.445536025
148.744780265,21.9225203703,-0.0899870086049,14.4788094491
148.744880265,21.9226203703,-0.0900870086049,14.4989293775
148.744980265,21.9227203703,-0.0901870086049,14.5356797979
148.745080265,21.9228203703,-0.0902870086049,14.568961619
148.745180265,21.9229203703,-0.0903870086049,14.6056062989
148.745280265,21.9230203703,-0.0904870086049,14.6423937285
148.745380265,21.9231203703,-0.0905870086049,14.6790620445
148.745480265,21.9232203703,-0.0906870086049,14.7123905158
148.745580265,21.9233203703,-0.0907870086049,14.7323173123
148.745680265,21.9234203703,-0.0908870086049,14.7690543596
148.745780265,21.9235203703,-0.0909870086049,14.8023305827
148.745880265,21.9236203703,-0.0910870086049,14.8390763381
148.745980265,21.9237203703,-0.0911870086049,14.8758497726
148.746080265,21.9238203703,-0.0912870086049,14.912378449
148.746180265,21.9239203703,-0.0913870086049,14.9457604126
148.746280265,21.9240203703,-0.0914870086049,14.9823811453
148.746380265,21.9241203703,-0.0915870086049,15.0190528824
148.746480265,21.9242203703,-0.0916870086049,15.0558309819
148.746580265,21.9243203703,-0.0917870086049,15.0892676818
148.746680265,21.9244203703,-0.0918870086049,15.1091957222
148.746780265,21.9245203703,-0.0919870086049,15.145803704
148.746880265,21.9246203703,-0.0920870086049,15.1790510039
148.746980265,21.9247203703,-0.0921870086049,15.2158726437
148.747080265,21.9248203703,-0.0922870086049,15.2525963179
148.747180265,21.9249203703,-0.0923870086049,15.289286715
148.747280265,21.9250203703,-0.0924870086049,15.3225134889
148.747380265,21.9251203703,-0.0925870086049,15.3427099237
148.747480265,21.9252203703,-0.0926870086049,15.3793231924
148.747580265,21.9253203703,-0.0927870086049,15.412695204
148.747680265,21.9254203703,-0.0928870086049,15.4493230898
148.747780265,21.9255203703,-0.0929870086049,15.4860228169
148.747880265,21.9256203703,-0.0930870086049,15.5229585942
148.747980265,21.9257203703,-0.0931870086049,15.5560531924
148.748080265,21.9258203703,-0.0932870086049,15.5760947485
148.748180265,21.9259203703,-0.0933870086049,15.6128072267
148.748280265,21.9260203703,-0.0934870086049,15.646130722
148.748380265,21.9261203703,-0.0935870086049,15.6826718384
148.748480265,21.9262203703,-0.0936870086049,15.7195833576
148.748580265,21.9263203703,-0.0937870086049,15.7560302405
148.748680265,21.9264203703,-0.0938870086049,15.7894044291
148.748780265,21.9265203703,-0.0939870086049,15.8094497171
148.748880265,21.9266203703,-0.0940870086049,15.8461121241
148.748980265,21.9267203703,-0.0941870086049,15.8795429149
148.749080265,21.9268203703,-0.0942870086049,15.9161260165
148.749180265,21.9269203703,-0.0943870086049,15.9528344517
148.749280265,21.9270203703,-0.0944870086049,15.9894999687
148.749380265,21.9271203703,-0.0945870086049,16.0228477222
148.749480265,21.9272203703,-0.0946870086049,16.0596015636
148.749580265,21.9273203703,-0.0947870086049,16.0963271039
148.749680265,21.9274203703,-0.0948870086049,16.1329092725
148.749780265,21.9275203703,-0.0949870086049,16.1662116197
148.749880265,21.9276203703,-0.0950870086049,16.1862702808
148.749980265,21.9277203703,-0.0951870086049,16.2230095051
148.750080265,21.9278203703,-0.0952870086049,16.2563379765
148.750180265,21.9279203703,-0.0953870086049,16.2930703588
148.750280265,21.9280203703,-0.0954870086049,16.3298005641
148.750380265,21.9281203703,-0.0955870086049,16.3664138328
148.750480265,21.9282203703,-0.0956870086049,16.3996676638
148.750580265,21.9283203703,-0.0957870086049,16.4196995788
148.750680265,21.9284203703,-0.0958870086049,16.4563678948
148.750780265,21.9285203703,-0.0959870086049,16.4897806476
148.750880265,21.9286203703,-0.0960870086049,16.5263593952
148.750980265,21.9287203703,-0.0961870086049,16.5630672083
148.751080265,21.9288203703,-0.0962870086049,16.5998490399
148.751180265,21.9289203703,-0.0963870086049,16.6331865303
148.751280265,21.9290203703,-0.0964870086049,16.6530875136
148.751380265,21.9291203703,-0.0965870086049,16.6899539376
148.751480265,21.9292203703,-0.0966870086049,16.7231536543
148.751580265,21.9293203703,-0.0967870086049,16.7598599125
148.751680265,21.9294203703,-0.0968870086049,16.7966734662
148.751780265,21.9295203703,-0.0969870086049,16.8332842469
148.751880265,21.9296203703,-0.0970870086049,16.8666102303
148.751980265,21.9297203703,-0.0971870086049,16.8866396572
148.752080265,21.9298203703,-0.0972870086049,16.9233667525
148.752180265,21.9299203703,-0.0973870086049,16.9566364446
148.752280265,21.9300203703,-0.0974870086049,16.9933722479
148.752380265,21.9301203703,-0.0975870086049,17.0302066387
148.752480265,21.9302203703,-0.0976870086049,17.0668174194
148.752580265,21.9303203703,-0.0977870086049,17.10339088
148.752680265,21.9304203703,-0.0978870086049,17.1365902857
148.752780265,21.9305203703,-0.0979870086049,17.1735615172
148.752880265,21.9306203703,-0.0980870086049,17.2100466533
148.752980265,21.9307203703,-0.0981870086049,17.2467432705
148.753080265,21.9308203703,-0.0982870086049,17.2800673878
148.753180265,21.9309203703,-0.0983870086049,17.316768048
148.753280265,21.9310203703,-0.0984870086049,17.3535794246
148.753380265,21.9311203703,-0.0985870086049,17.3901665693
148.753480265,21.9312203703,-0.0986870086049,17.4235531979
148.753580265,21.9313203703,-0.0987870086049,17.4602215139
148.753680265,21.9314203703,-0.0988870086049,17.4969815753
148.753780265,21.9315203703,-0.0989870086049,17.5336841015
148.753880265,21.9316203703,-0.0990870086049,17.5704258139
148.753980265,21.9317203703,-0.0991870086049,17.6037287831
148.754080265,21.9318203703,-0.0992870086049,17.640365999
148.754180265,21.9319203703,-0.0993870086049,17.677048932
148.754280265,21.9320203703,-0.0994870086049,17.7136646888
148.754380265,21.9321203703,-0.0995870086049,17.7470090212
148.754480265,21.9322203703,-0.0996870086049,17.7837939628
148.754580265,21.9323203703,-0.0997870086049,17.8206215115
148.754680265,21.9324203703,-0.0998870086049,17.8571349488
148.754780265,21.9325203703,-0.0999870086049,17.8905486346
148.754880265,21.9326203703,-0.100087008605,17.9105752625
148.754980265,21.9327203703,-0.100187008605,17.9471717372
148.755080265,21.9328203703,-0.100287008605,17.980390114
148.755180265,21.9329203703,-0.100387008605,18.0171327594
148.755280265,21.9330203703,-0.100487008605,18.0539043279
148.755380265,21.9331203703,-0.100587008605,18.0905521178
148.755480265,21.9332203703,-0.100687008605,18.1240261378
148.755580265,21.9333203703,-0.100787008605,18.1439719054
148.755680265,21.9334203703,-0.100887008605,18.1806725655
148.755780265,21.9335203703,-0.100987008605,18.2139550087
148.755880274,21.9336203497,0.229407128938,18.2506382527
148.799965125,21.6651534412,-0.000226745910928,18.2913607838
148.916488374,21.9682534295,-0.018828316749,18.3268485382
148.958110918,22.196967013,0.00933596559534,18.3608416197
148.958210918,22.197067013,0.00923596559534,18.3940718146
148.958310918,22.197167013,0.00913596559534,18.4307531927
148.958410918,22.197267013,0.00903596559534,18.4675415552
148.958510918,22.197367013,0.00893596559534,18.5041713071
148.958610918,22.197467013,0.00883596559534,18.5374310471
148.958710918,22.197567013,0.00873596559534,18.5742225197
148.958810918,22.197667013,0.00863596559534,18.6108566255
148.958910918,22.197767013,0.00853596559534,18.6474366171
148.959010918,22.197867013,0.00843596559534,18.6809796795
148.812835571,21.9764433315,-0.00292324555835,18.7212008762
148.812935571,21.9765433315,-0.00302324555835,18.7541754278
148.813035571,21.9766433315,-0.00312324555835,18.7910169717
148.813135571,21.9767433315,-0.00322324555835,18.8276258864
148.813235571,21.9768433315,-0.00332324555835,18.8609795489
149.008688836,22.0296446476,0.0167250318438,18.9032670392
148.612899067,21.251520442,-0.00297233309097,18.9389830688
148.612999067,21.251620442,-0.00307233309097,18.9710914814
148.613099067,21.251720442,-0.00317233309097,19.0044283498
148.613199067,21.251820442,-0.00327233309097,19.0410876467
148.90480408,21.9940702648,0.0337355705962,19.0813138194
148.90490408,21.9941702648,0.0336355705962,19.1145107372
148.90500408,21.9942702648,0.0335355705962,19.1477844723
148.90510408,21.9943702648,0.0334355705962,19.1678499754
148.90520408,21.9944702648,0.0333355705962,19.2045111384
148.90530408,21.9945702648,0.0332355705962,19.2378778629
148.90540408,21.9946702648,0.0331355705962,19.2744765146
148.90550408,21.9947702648,0.0330355705962,19.3113426275
148.90560408,21.9948702648,0.0329355705962,19.3478271417
148.90570408,21.9949702648,0.0328355705962,19.3812420714
148.735939728,21.6518760325,0.0314577873826,19.4217518774
148.736039728,21.6519760325,0.0313577873826,19.4545827464
148.736139728,21.6520760325,0.0312577873826,19.4913375209
148.736239728,21.6521760325,0.0311577873826,19.5279828228
148.736339728,21.6522760325,0.0310577873826,19.5614304077
148.736439728,21.6523760325,0.0309577873826,19.5980617145
148.736539728,21.6524760325,0.0308577873826,19.6348028049
148.799447236,21.8072785709,-0.0265044822534,19.6746794119
148.799547236,21.8073785709,-0.0266044822534,19.704746722
148.799647236,21.8074785709,-0.0267044822534,19.7413593687
148.799747236,21.8075785709,-0.0268044822534,19.7781141431
148.799847236,21.8076785709,-0.0269044822534,19.8147762391
148.845180802,21.9988933505,0.0353038312836,19.8521629685
148.845280802,21.9989933505,0.0352038312836,19.8847568544
148.845380802,21.9990933505,0.0351038312836,19.9214957677
148.845480802,21.9991933505,0.0350038312836,19.9581948729
148.845580802,21.9992933505,0.0349038312836,19.9947823285
148.665737949,21.6042503882,0.0275191957017,20.0318337983
148.665837949,21.6043503882,0.0274191957017,20.0647327767
148.665937949,21.6044503882,0.0273191957017,20.1015407323
148.666037949,21.6045503882,0.0272191957017,20.1381953643
148.612021,21.4949811123,-0.0432222973418,20.1752179109
148.612121,21.4950811123,-0.0433222973418,20.2082011707
148.612221,21.4951811123,-0.0434222973418,20.2449232899
148.612321,21.4952811123,-0.0435222973418,20.2815614388
148.612421,21.4953811123,-0.0436222973418,20.3148790251
148.612521,21.4954811123,-0.0437222973418,20.3516664547
148.612621,21.4955811123,-0.0438222973418,20.388399459
148.612721,21.4956811123,-0.0439222973418,20.4250018427
148.612821,21.4957811123,-0.0440222973418,20.4583685672
148.612921,21.4958811123,-0.0441222973418,20.4784807206
148.613021,21.4959811123,-0.0442222973418,20.5150681762
148.613121,21.4960811123,-0.0443222973418,20.5483870065
148.613221,21.4961811123,-0.0444222973418,20.5851032167
148.613321,21.4962811123,-0.0445222973418,20.6217839728
