49.5157769186,20.064937497,0.0455549135116,0.0452416932288
49.5196267825,20.0684385139,0.0205101396148,0.0820014436688
49.5197267825,20.0685385139,0.0204101396148,0.116047395378
49.5198267825,20.0686385139,0.0203101396148,0.152652267092
49.5199267825,20.0687385139,0.0202101396148,0.189301923015
49.5026977315,20.1970586755,-0.00898185478513,0.229806753023
49.5027977315,20.1971586755,-0.00908185478513,0.259390766802
49.5028977315,20.1972586755,-0.00918185478513,0.296062814831
49.5029977315,20.1973586755,-0.00928185478513,0.33277560405
49.5030977315,20.1974586755,-0.00938185478513,0.369442054053
49.5031977315,20.1975586755,-0.00948185478513,0.402794472509
49.5032977315,20.1976586755,-0.00958185478513,0.439442262424
49.5264020835,20.2781169595,-0.0124078300602,0.479820825839
49.5265020835,20.2782169595,-0.0125078300602,0.512947457237
49.5266020835,20.2783169595,-0.0126078300602,0.54618853717
49.5267020835,20.2784169595,-0.0127078300602,0.582892307348
49.5268020835,20.2785169595,-0.0128078300602,0.619650813782
49.5269020835,20.2786169595,-0.0129078300602,0.656303890722
49.5270020835,20.2787169595,-0.0130078300602,0.689640759105
49.5271020835,20.2788169595,-0.0131078300602,0.709678894104
49.5272020835,20.2789169595,-0.0132078300602,0.74625453168
49.5273020835,20.2790169595,-0.0133078300602,0.779689987526
49.5274020835,20.2791169595,-0.0134078300602,0.816478972103
49.5275020835,20.2792169595,-0.0135078300602,0.853159417171
49.5276020835,20.2793169595,-0.0136078300602,0.889693691553
49.5277020835,20.2794169595,-0.0137078300602,0.926364806577
49.5278020835,20.2795169595,-0.0138078300602,0.95964196268
49.5279020835,20.2796169595,-0.0139078300602,0.996491281541
49.5280020835,20.2797169595,-0.0140078300602,1.0331057943
49.5281020835,20.2798169595,-0.0141078300602,1.06980178944
49.5282020835,20.2799169595,-0.0142078300602,1.10318872906
49.5283020835,20.2800169595,-0.0143078300602,1.13983745198
49.5284020835,20.2801169595,-0.0144078300602,1.17655521722
49.5285020835,20.2802169595,-0.0145078300602,1.21318279204
49.5286020835,20.2803169595,-0.0146078300602,1.24657066466
49.5299258324,20.308133078,0.0155390380618,1.28636143532
49.5300258324,20.308233078,0.0154390380618,1.32001241518
49.5301258324,20.308333078,0.0153390380618,1.35667855418
49.5302258324,20.308433078,0.0152390380618,1.39322215861
49.5303258324,20.308533078,0.0151390380618,1.42661562925
49.5304258324,20.308633078,0.0150390380618,1.46338284373
49.5305258324,20.308733078,0.0149390380618,1.50009687695
49.5306258324,20.308833078,0.0148390380618,1.53669148562
49.5307258324,20.308933078,0.0147390380618,1.57017452469
49.5308258324,20.309033078,0.0146390380618,1.60673367919
49.5309258324,20.309133078,0.0145390380618,1.64340448321
49.5310258324,20.309233078,0.0144390380618,1.68008679429
49.5311258324,20.309333078,0.0143390380618,1.71353531219
49.5312258324,20.309433078,0.0142390380618,1.73347828075
49.5313258324,20.309533078,0.0141390380618,1.77015437179
49.5314258324,20.309633078,0.0140390380618,1.80351487629
49.5315258324,20.309733078,0.0139390380618,1.84019252234
49.5316258324,20.309833078,0.0138390380618,1.87689473751
49.5317258324,20.309933078,0.0137390380618,1.91358109161
49.5318258324,20.310033078,0.0136390380618,1.95027801975
49.5319258324,20.310133078,0.0135390380618,1.98357383594
49.5320258324,20.310233078,0.0134390380618,2.0203799256
49.5321258324,20.310333078,0.0133390380618,2.05704979662
49.5322258324,20.310433078,0.0132390380618,2.09370007455
49.5323258324,20.310533078,0.0131390380618,2.12706555506
49.5324258324,20.310633078,0.0130390380618,2.16374879915
49.5877907526,20.1911408497,-0.0440494020854,2.20429219333
49.5096882817,20.413205654,-0.0101209102177,2.24070517715
49.5097882817,20.413305654,-0.0102209102177,2.27059210635
49.5098882817,20.413405654,-0.0103209102177,2.29045265951
49.5099882817,20.413505654,-0.0104209102177,2.32709733941
49.5100882817,20.413605654,-0.0105209102177,2.36044322684
49.5101882817,20.413705654,-0.0106209102177,2.39713984398
49.5102882817,20.413805654,-0.0107209102177,2.43383583912
49.5103882817,20.413905654,-0.0108209102177,2.47056666643
49.5104882817,20.414005654,-0.0109209102177,2.50732237385
49.5105882817,20.414105654,-0.0110209102177,2.54061103701
49.5106882817,20.414205654,-0.0111209102177,2.57727686501
49.5107882817,20.414305654,-0.0112209102177,2.61401422334
49.5108882817,20.414405654,-0.0113209102177,2.65068316135
49.5109882817,20.414505654,-0.0114209102177,2.68402562776
49.5110882817,20.414605654,-0.0115209102177,2.72071260386
49.5111882817,20.414705654,-0.0116209102177,2.75743036911
49.5112882817,20.414805654,-0.0117209102177,2.79413165127
49.5113882817,20.414905654,-0.0118209102177,2.82749775379
49.5114882817,20.415005654,-0.0119209102177,2.864208677
49.5115882817,20.415105654,-0.0120209102177,2.90089907412
49.5116882817,20.415205654,-0.0121209102177,2.93757423216
49.5117882817,20.415305654,-0.0122209102177,2.97416759682
49.5118882817,20.415405654,-0.0123209102177,3.00747678607
49.5119882817,20.415505654,-0.0124209102177,3.0442981148
49.5120882817,20.415605654,-0.0125209102177,3.08084016422
49.5121882817,20.415705654,-0.0126209102177,3.11752838433
49.5122882817,20.415805654,-0.0127209102177,3.15096073016
49.5123882817,20.415905654,-0.0128209102177,3.18752050666
49.5124882817,20.416005654,-0.0129209102177,3.22424386993
49.5125882817,20.416105654,-0.0130209102177,3.26098278327
49.5126882817,20.416205654,-0.0131209102177,3.29428077647
49.5127882817,20.416305654,-0.0132209102177,3.33094256145
49.5128882817,20.416405654,-0.0133209102177,3.36769298185
49.5129882817,20.416505654,-0.0134209102177,3.40439924004
49.5130882817,20.416605654,-0.0135209102177,3.44105262798
49.5131882817,20.416705654,-0.0136209102177,3.47439322838
49.5132882817,20.416805654,-0.0137209102177,3.51120647107
49.5133882817,20.416905654,-0.0138209102177,3.54786359103
49.5134882817,20.417005654,-0.0139209102177,3.58442274553
49.5135882817,20.417105654,-0.0140209102177,3.61789147853
49.5136882817,20.417205654,-0.0141209102177,3.65443197294
49.5137882817,20.417305654,-0.0142209102177,3.69125236866
49.5138882817,20.417405654,-0.0143209102177,3.7278192982
49.5139882817,20.417505654,-0.0144209102177,3.76124791201
49.5140882817,20.417605654,-0.0145209102177,3.79783754466
49.5141882817,20.417705654,-0.0146209102177,3.83455126688
49.5142882817,20.417805654,-0.0147209102177,3.87120776484
49.5143882817,20.417905654,-0.0148209102177,3.9079301951
49.5144882817,20.418005654,-0.0149209102177,3.94126364247
49.5145882817,20.418105654,-0.0150209102177,3.97799073775
49.5146882817,20.418205654,-0.0151209102177,4.01468300088
49.5147882817,20.418305654,-0.0152209102177,4.05134198685
49.5148882817,20.418405654,-0.0153209102177,4.08468476426
49.5149882817,20.418505654,-0.0154209102177,4.12138635742
49.5150882817,20.418605654,-0.0155209102177,4.15816134693
49.5151882817,20.418705654,-0.0156209102177,4.19477492669
49.5152882817,20.418805654,-0.0157209102177,4.22811086207
49.6397381825,20.1446948473,-0.0198360641196,4.26874662369
49.6398381825,20.1447948473,-0.0199360641196,4.30160330582
49.6399381825,20.1448948473,-0.0200360641196,4.33818702944
49.6400381825,20.1449948473,-0.0201360641196,4.37146231953
49.6401381825,20.1450948473,-0.0202360641196,4.39153870771
49.6402381825,20.1451948473,-0.0203360641196,4.42807702511
49.6403381825,20.1452948473,-0.0204360641196,4.46153425106
49.6404381825,20.1453948473,-0.0205360641196,4.49819448103
49.6405381825,20.1454948473,-0.0206360641196,4.53482920888
49.6406381825,20.1455948473,-0.0207360641196,4.57146580275
49.6407381825,20.1456948473,-0.0208360641196,4.60495070782
49.6408381825,20.1457948473,-0.0209360641196,4.64149928827
49.6409381825,20.1458948473,-0.0210360641196,4.67820243645
49.6410381825,20.1459948473,-0.0211360641196,4.71492859873
49.6411381825,20.1460948473,-0.0212360641196,4.75161806284
49.6412381825,20.1461948473,-0.0213360641196,4.78494653418
49.6413381825,20.1462948473,-0.0214360641196,4.82170628462
49.6414381825,20.1463948473,-0.0215360641196,4.85845483901
49.6415381825,20.1464948473,-0.0216360641196,4.89506810776
49.6416381825,20.1465948473,-0.0217360641196,4.92836174694
49.6417381825,20.1466948473,-0.0218360641196,4.96506582812
49.6418381825,20.1467948473,-0.0219360641196,5.00186103273
49.6419381825,20.1468948473,-0.0220360641196,5.03844755536
49.6420381825,20.1469948473,-0.0221360641196,5.07183791599
49.6421381825,20.1470948473,-0.0222360641196,5.10845367276
49.6422381825,20.1471948473,-0.0223360641196,5.145171127
49.6423381825,20.1472948473,-0.0224360641196,5.18172810449
49.4441507425,20.7002011532,0.0181225035574,5.21899758632
49.4442507425,20.7003011532,0.0180225035574,5.25173111187
49.4443507425,20.7004011532,0.0179225035574,5.28865444908
49.4444507425,20.7005011532,0.0178225035574,5.32516819736
49.4445507425,20.7006011532,0.0177225035574,5.36184926443
49.4446507425,20.7007011532,0.0176225035574,5.39520106089
49.4447507425,20.7008011532,0.0175225035574,5.43191913713
49.4448507425,20.7009011532,0.0174225035574,5.46859491718
49.4449507425,20.7010011532,0.0173225035574,5.50531143842
49.4450507425,20.7011011532,0.0172225035574,5.53862093867
49.4451507425,20.7012011532,0.0171225035574,5.57530511576
49.4452507425,20.7013011532,0.0170225035574,5.61206051218
49.4453507425,20.7014011532,0.0169225035574,5.64870581408
49.4454507425,20.7015011532,0.0168225035574,5.68208715567
49.4455507425,20.7016011532,0.0167225035574,5.70207273142
49.4456507425,20.7017011532,0.0166225035574,5.73876250653
49.4457507425,20.7018011532,0.0165225035574,5.77206858577
49.4458507425,20.7019011532,0.0164225035574,5.80878635102
49.4459507425,20.7020011532,0.0163225035574,5.84544471498
49.4460507425,20.7021011532,0.0162225035574,5.88199298443
49.4461507425,20.7022011532,0.0161225035574,5.91547104747
49.4462507425,20.7023011532,0.0160225035574,5.95196551367
49.4463507425,20.7024011532,0.0159225035574,5.98873241714
49.4464507425,20.7025011532,0.0158225035574,6.02540197716
49.4465507425,20.7026011532,0.0157225035574,6.05891673838
49.4466507425,20.7027011532,0.0156225035574,6.09541897961
49.4467507425,20.7028011532,0.0155225035574,6.13209755867
49.4468507425,20.7029011532,0.0154225035574,6.16882496496
49.4469507425,20.7030011532,0.0153225035574,6.20547462088
49.4470507425,20.7031011532,0.0152225035574,6.23887057954
49.4471507425,20.7032011532,0.0151225035574,6.27564805707
49.4472507425,20.7033011532,0.0150225035574,6.31224173273
49.4473507425,20.7034011532,0.0149225035574,6.3489231108
49.4474507425,20.7035011532,0.0148225035574,6.38224909413
49.4475507425,20.7036011532,0.0147225035574,6.41895877334
49.4476507425,20.7037011532,0.0146225035574,6.45566876354
49.4477507425,20.7038011532,0.0145225035574,6.49244717407
49.4478507425,20.7039011532,0.0144225035574,6.52572899519
49.4479507425,20.7040011532,0.0143225035574,6.56221755236
49.4480507425,20.7041011532,0.0142225035574,6.59907900028
49.4481507425,20.7042011532,0.0141225035574,6.63563815478
49.4482507425,20.7043011532,0.0140225035574,6.66910346676
49.4483507425,20.7044011532,0.0139225035574,6.68899854109
49.4484507425,20.7045011532,0.0138225035574,6.72570200027
49.4485507425,20.7046011532,0.0137225035574,6.75898662041
49.4486507425,20.7047011532,0.0136225035574,6.79571029468
49.4487507425,20.7048011532,0.0135225035574,6.83247999716
49.4488507425,20.7049011532,0.0134225035574,6.86918190133
49.4489507425,20.7050011532,0.0133225035574,6.9026437923
49.4490507425,20.7051011532,0.0132225035574,6.92252238355
49.4491507425,20.7052011532,0.0131225035574,6.95918945556
49.4492507425,20.7053011532,0.0130225035574,6.99260873933
49.4493507425,20.7054011532,0.0129225035574,7.02920023798
49.4494507425,20.7055011532,0.0128225035574,7.0659130272
49.4495507425,20.7056011532,0.0127225035574,7.10257387917
49.4496507425,20.7057011532,0.0126225035574,7.13591479058
49.4497507425,20.7058011532,0.0125225035574,7.17262073776
49.4498507425,20.7059011532,0.0124225035574,7.20939012925
49.4499507425,20.7060011532,0.0123225035574,7.24599220195
49.4500507425,20.7061011532,0.0122225035574,7.27934835242
49.4501507425,20.7062011532,0.0121225035574,7.29936222931
49.4502507425,20.7063011532,0.0120225035574,7.33593040285
49.4503507425,20.7064011532,0.0119225035574,7.36940784389
49.4504507425,20.7065011532,0.0118225035574,7.40597601743
49.4505507425,20.7066011532,0.0117225035574,7.44281631725
49.4506507425,20.7067011532,0.0116225035574,7.47934499361
49.4507507425,20.7068011532,0.0115225035574,7.51603539072
49.4508507425,20.7069011532,0.0114225035574,7.54936106305
49.4509507425,20.7070011532,0.0113225035574,7.58609686638
49.4510507425,20.7071011532,0.0112225035574,7.62278944051
49.4511507425,20.7072011532,0.0111225035574,7.65949569869
49.4512507425,20.7073011532,0.0110225035574,7.69288730333
49.4513507425,20.7074011532,0.0109225035574,7.72948408901
49.4514507425,20.7075011532,0.0108225035574,7.7662326434
49.4515507425,20.7076011532,0.0107225035574,7.80291588748
49.4516507425,20.7077011532,0.0106225035574,7.83627079395
49.4517507425,20.7078011532,0.0105225035574,7.87295341602
49.4518507425,20.7079011532,0.0104225035574,7.90972374051
49.4519507425,20.7080011532,0.0103225035574,7.9463858365
49.4520507425,20.7081011532,0.0102225035574,7.98302678438
49.4521507425,20.7082011532,0.0101225035574,8.01640843697
49.4522507425,20.7083011532,0.0100225035574,8.05309323606
49.4523507425,20.7084011532,0.00992250355744,8.08964990255
49.4524507425,20.7085011532,0.00982250355744,8.1263686008
49.4525507425,20.7086011532,0.00972250355744,8.15969054111
49.4526507425,20.7087011532,0.00962250355744,8.19646926264
49.4527507425,20.7088011532,0.00952250355744,8.23310430149
49.4528507425,20.7089011532,0.00942250355744,8.26979874163
49.4529507425,20.7090011532,0.00932250355744,8.30313125599
49.4530507425,20.7091011532,0.00922250355744,8.32315881694
49.4531507425,20.7092011532,0.00912250355744,8.35983397498
49.4532507425,20.7093011532,0.00902250355744,8.39323864168
49.4533507425,20.7094011532,0.00892250355744,8.42994800989
49.4534507425,20.7095011532,0.00882250355744,8.46667137316
49.4535507425,20.7096011532,0.00872250355744,8.50338758339
49.4536507425,20.7097011532,0.00862250355744,8.54003817232
49.4537507425,20.7098011532,0.00852250355744,8.57333678752
49.4538507425,20.7099011532,0.00842250355744,8.61010586801
49.4539507425,20.7100011532,0.00832250355744,8.64676547598
49.4540507425,20.7101011532,0.00822250355744,8.68344623205
49.4541507425,20.7102011532,0.00812250355744,8.71680362653
49.4542507425,20.7103011532,0.00802250355744,8.7534853156
49.4543507425,20.7104011532,0.00792250355744,8.79022640595
49.4544507425,20.7105011532,0.00782250355744,8.82677032138
49.4545507425,20.7106011532,0.00772250355744,8.86030249868
49.4546507425,20.7107011532,0.00762250355744,8.88027221336
49.4547507425,20.7108011532,0.00752250355744,8.91683447787
49.4548507425,20.7109011532,0.00742250355744,8.95012283003
49.4549507425,20.7110011532,0.00732250355744,8.98691896764
49.4550507425,20.7111011532,0.00722250355744,9.02359101567
49.4551507425,20.7112011532,0.00712250355744,9.06025995368
49.4552507388,20.7113011445,0.176860655161,9.09378995397
49.3822847069,20.4213435418,-0.0346244133443,9.1185030629
49.3823847069,20.4214435418,-0.0347244133443,9.15037044939
49.3824847069,20.4215435418,-0.0348244133443,9.18369052369
49.3825847069,20.4216435418,-0.0349244133443,9.22036350473
49.3189639578,20.5776865814,0.0620158788564,9.26072558506
49.5497715208,20.0704429234,0.0110288224812,9.29781033203
49.5498715208,20.0705429234,0.0109288224812,9.3305043604
49.5499715208,20.0706429234,0.0108288224812,9.36379613357
49.5500715208,20.0707429234,0.0107288224812,9.40051887483
49.5501715208,20.0708429234,0.0106288224812,9.43723912809
49.5502715208,20.0709429234,0.0105288224812,9.47373825931
49.5503715208,20.0710429234,0.0104288224812,9.50719237524
49.5504715208,20.0711429234,0.0103288224812,9.54379351494
49.5505715208,20.0712429234,0.0102288224812,9.58051470119
49.5506715208,20.0713429234,0.0101288224812,9.61715907009
49.5507715208,20.0714429234,0.0100288224812,9.65073727561
49.5508715208,20.0715429234,0.00992882248123,9.6871875796
49.5509715208,20.0716429234,0.00982882248123,9.72389383779
49.5510715208,20.0717429234,0.00972882248123,9.7605845459
49.5511715208,20.0718429234,0.00962882248123,9.79405732192
49.5512715208,20.0719429234,0.00952882248123,9.81393404716
49.5513715208,20.0720429234,0.00942882248123,9.85063999435
49.5514715208,20.0721429234,0.00932882248123,9.88396317867
49.5515715208,20.0722429234,0.00922882248123,9.920698671
49.5516715208,20.0723429234,0.00912882248123,9.95740088617
49.5517715208,20.0724429234,0.00902882248123,9.99410061333
49.5518715208,20.0725429234,0.00892882248123,10.0307826134
49.5519715208,20.0726429234,0.00882882248123,10.0640843386
49.5520715208,20.0727429234,0.00872882248123,10.1008117449
49.5521715208,20.0728429234,0.00862882248123,10.1375223571
49.5522715208,20.0729429234,0.00852882248123,10.1740469905
49.5523715208,20.0730429234,0.00842882248123,10.2075430916
49.5524715208,20.0731429234,0.00832882248123,10.2440291607
49.5525715208,20.0732429234,0.00822882248123,10.2809478329
49.5526715208,20.0733429234,0.00812882248123,10.3175244035
49.5527715208,20.0734429234,0.00802882248123,10.3509797634
49.5528715208,20.0735429234,0.00792882248123,10.3708711058
49.5529715208,20.0736429234,0.00782882248123,10.407595091
49.5530715208,20.0737429234,0.00772882248123,10.4409101893
49.5531715208,20.0738429234,0.00762882248123,10.4777103699
49.5532715208,20.0739429234,0.00752882248123,10.51439548
49.5533715208,20.0740429234,0.00742882248123,10.5509328644
49.5866790258,19.9966665081,0.0153008037433,10.5873760154
49.5867790258,19.9967665081,0.0152008037433,10.6209563979
49.5868790258,19.9968665081,0.0151008037433,10.6577279664
49.5869790258,19.9969665081,0.0150008037433,10.6944118325
49.5870790258,19.9970665081,0.0149008037433,10.7311330187
49.5871790258,19.9971665081,0.0148008037433,10.764451538
49.5872790258,19.9972665081,0.0147008037433,10.8011646383
49.5873790258,19.9973665081,0.0146008037433,10.8379250107
49.5874790258,19.9974665081,0.0145008037433,10.8744225869
49.5875790258,19.9975665081,0.0144008037433,10.9079756013
49.5876790258,19.9976665081,0.0143008037433,10.9445997551
49.5877790258,19.9977665081,0.0142008037433,10.9813604386
49.5878790258,19.9978665081,0.0141008037433,11.017909019
49.4906716136,20.2852962574,0.0409515750707,11.0546491764
49.4907716136,20.2853962574,0.0408515750707,11.0878510701
49.4908716136,20.2854962574,0.0407515750707,11.1246148636
49.4909716136,20.2855962574,0.0406515750707,11.1613559539
49.4910716136,20.2856962574,0.0405515750707,11.1979950358
49.4911716136,20.2857962574,0.0404515750707,11.231289608
49.4912716136,20.2858962574,0.0403515750707,11.2680549564
49.4913716136,20.2859962574,0.0402515750707,11.3047223395
49.4914716136,20.2860962574,0.0401515750707,11.3413819474
49.4915716136,20.2861962574,0.0400515750707,11.3747464949
49.4916716136,20.2862962574,0.0399515750707,11.411422897
49.5861903584,20.1184715479,-0.00112099200836,11.4526669775
49.5471255201,20.4120238996,0.0213823027667,11.4884669774
49.5472255201,20.4121238996,0.0212823027667,11.5182528311
49.5473255201,20.4122238996,0.0211823027667,11.5382253448
49.5474255201,20.4123238996,0.0210823027667,11.5749001919
49.5475255201,20.4124238996,0.0209823027667,11.6082423473
49.5476255201,20.4125238996,0.0208823027667,11.6449010222
49.5477255201,20.4126238996,0.0207823027667,11.6816617057
49.5478255201,20.4127238996,0.0206823027667,11.7181966021
49.5479255201,20.4128238996,0.0205823027667,11.7516936362
49.5480255201,20.4129238996,0.0204823027667,11.7715582324
49.5481255201,20.4130238996,0.0203823027667,11.8082850167
49.5482255201,20.4131238996,0.0202823027667,11.8415783448
49.5483255201,20.4132238996,0.0201823027667,11.878277139
49.5484255201,20.4133238996,0.0200823027667,11.9150319134
49.5485255201,20.4134238996,0.0199823027667,11.9517941519
49.5486255201,20.4135238996,0.0198823027667,11.9884515828
49.5487255201,20.4136238996,0.0197823027667,12.0217632601
49.5488255201,20.4137238996,0.0196823027667,12.0584648533
49.5489255201,20.4138238996,0.0195823027667,12.0951353463
49.5490255201,20.4139238996,0.0194823027667,12.1318316524
49.5491255201,20.4140238996,0.0193823027667,12.1651663438
49.5492255201,20.4141238996,0.0192823027667,12.201871358
49.5493255201,20.4142238996,0.0191823027667,12.2385692191
49.5494255201,20.4143238996,0.0190823027667,12.2751305506
49.5495255201,20.4144238996,0.0189823027667,12.3086313168
49.5496255201,20.4145238996,0.0188823027667,12.3452837717
49.5497255201,20.4146238996,0.0187823027667,12.3819751018
49.5498255201,20.4147238996,0.0186823027667,12.4186972211
49.5499255201,20.4148238996,0.0185823027667,12.4520356445
49.5500255201,20.4149238996,0.0184823027667,12.4720386363
49.5501255201,20.4150238996,0.0183823027667,12.508640087
49.5502255201,20.4151238996,0.0182823027667,12.5419380802
49.5503255201,20.4152238996,0.0181823027667,12.5786536685
49.5504255201,20.4153238996,0.0180823027667,12.6153098554
49.5505255201,20.4154238996,0.0179823027667,12.6520266877
49.5506255201,20.4155238996,0.0178823027667,12.6855262098
49.5507255164,20.4156238908,-0.0611730623972,12.7055453737
49.5508255164,20.4157238908,-0.0612730623972,12.7420836911
49.5509255164,20.4158238908,-0.0613730623972,12.7753875933
49.5510255164,20.4159238908,-0.0614730623972,12.8120555984
49.5511255164,20.4160238908,-0.0615730623972,12.8488592
49.5512255164,20.4161238908,-0.0616730623972,12.8855461761
49.5513255164,20.4162238908,-0.0617730623972,12.9189116566
49.5514255164,20.4163238908,-0.0618730623972,12.9388935003
49.5515255164,20.4164238908,-0.0619730623972,12.9756868389
49.5516255164,20.4165238908,-0.0620730623972,13.0089639951
49.5517255164,20.4166238908,-0.0621730623972,13.0455716658
49.5518255164,20.4167238908,-0.0622730623972,13.0824069896
49.5519255164,20.4168238908,-0.0623730623972,13.1189384649
49.5520255164,20.4169238908,-0.0624730623972,13.1523269596
49.5521255164,20.4170238908,-0.0625730623972,13.1722133259
49.5522255164,20.4171238908,-0.0626730623972,13.2089522392
49.5523255164,20.4172238908,-0.0627730623972,13.2424119532
49.5524255164,20.4173238908,-0.0628730623972,13.2790009638
49.5525255164,20.4174238908,-0.0629730623972,13.3157342791
49.5526255164,20.4175238908,-0.0630730623972,13.352381758
49.5527255164,20.4176238908,-0.0631730623972,13.3890702891
49.5528255164,20.4177238908,-0.0632730623972,13.4224413677
49.5529255164,20.4178238908,-0.0633730623972,13.4591364298
49.5530255164,20.4179238908,-0.0634730623972,13.495840511
49.5531255164,20.4180238908,-0.0635730623972,13.532508205
49.5532255164,20.4181238908,-0.0636730623972,13.5659215797
49.5533255164,20.4182238908,-0.0637730623972,13.6025662596
49.5534255164,20.4183238908,-0.0638730623972,13.6392659868
49.5535255164,20.4184238908,-0.0639730623972,13.6759305708
49.5536255164,20.4185238908,-0.0640730623972,13.7092543771
49.5537255164,20.4186238908,-0.0641730623972,13.7459289132
49.5538255164,20.4187238908,-0.0642730623972,13.7826961276
49.5539255164,20.4188238908,-0.0643730623972,13.8193641326
49.5540255164,20.4189238908,-0.0644730623972,13.8526730109
49.5541255164,20.4190238908,-0.0645730623972,13.8725699512
49.5542255164,20.4191238908,-0.0646730623972,13.9092323582
49.5543255164,20.4192238908,-0.0647730623972,13.9427035792
49.5544255164,20.4193238908,-0.0648730623972,13.9792611787
49.5545255164,20.4194238908,-0.0649730623972,14.0160231062
49.5546255164,20.4195238908,-0.0650730623972,14.0526671641
49.5547255164,20.4196238908,-0.0651730623972,14.0859968794
49.5548255164,20.4197238908,-0.0652730623972,14.1059896082
49.5549255164,20.4198238908,-0.0653730623972,14.1426831153
49.5550255164,20.4199238908,-0.0654730623972,14.1760952461
49.5551255164,20.4200238908,-0.0655730623972,14.2127166009
49.5552255164,20.4201238908,-0.0656730623972,14.2494894134
49.5553255164,20.4202238908,-0.0657730623972,14.286086199
49.5554255164,20.4203238908,-0.0658730623972,14.3194606986
49.5555255164,20.4204238908,-0.0659730623972,14.3560637043
49.5556255164,20.4205238908,-0.0660730623972,14.3928467798
49.5557255164,20.4206238908,-0.0661730623972,14.429544952
49.5558255164,20.4207238908,-0.0662730623972,14.4629266046
49.5559255164,20.4208238908,-0.0663730623972,14.4829687826
49.5560255164,20.4209238908,-0.0664730623972,14.5195425542
49.5561255164,20.4210238908,-0.0665730623972,14.5529876511
49.5562255164,20.4211238908,-0.0666730623972,14.5895013994
49.5563255164,20.4212238908,-0.0667730623972,14.6263361011
49.5564255164,20.4213238908,-0.0668730623972,14.6629126717
49.5565255164,20.4214238908,-0.0669730623972,14.6963568356
49.5566255164,20.4215238908,-0.0670730623972,14.716268393
49.5567255164,20.4216238908,-0.0671730623972,14.7529746512
49.5568255164,20.4217238908,-0.0672730623972,14.7862984575
49.5569255164,20.4218238908,-0.0673730623972,14.8230516769
49.5570255164,20.4219238908,-0.0674730623972,14.8597616671
49.5571255164,20.4220238908,-0.0675730623972,14.8964228301
49.5572255164,20.4221238908,-0.0676730623972,14.9297295314
49.5573255164,20.4222238908,-0.0677730623972,14.9497480733
49.5574255164,20.4223238908,-0.0678730623972,14.9865034697
49.5575255164,20.4224238908,-0.0679730623972,15.0198061279
49.5576255164,20.4225238908,-0.0680730623972,15.0564190857
49.5577255164,20.4226238908,-0.0681730623972,15.0931281429
49.5578255164,20.4227238908,-0.0682730623972,15.129815741
49.5579255164,20.4228238908,-0.0683730623972,15.1631239972
49.5580255164,20.4229238908,-0.0684730623972,15.1998374084
49.5581255164,20.4230238908,-0.0685730623972,15.2365962259
49.5582255164,20.4231238908,-0.0686730623972,15.2731917675
49.5583255164,20.4232238908,-0.0687730623972,15.306544808
49.5584255164,20.4233238908,-0.0688730623972,15.3265698809
49.5585255164,20.4234238908,-0.0689730623972,15.3631508055
49.5586255164,20.4235238908,-0.0690730623972,15.3964428897
49.5587255164,20.4236238908,-0.0691730623972,15.4331566119
49.5588255164,20.4237238908,-0.0692730623972,15.4699163624
49.5589255164,20.4238238908,-0.0693730623972,15.5065660183
49.5590255164,20.4239238908,-0.0694730623972,15.5400294643
49.5591255164,20.4240238908,-0.0695730623972,15.5765453896
49.5592255164,20.4241238908,-0.0696730623972,15.6132146386
49.5593255164,20.4242238908,-0.0697730623972,15.6499258728
49.5594255164,20.4243238908,-0.0698730623972,15.6832714492
49.5595255164,20.4244238908,-0.0699730623972,15.7199634013
49.5596255164,20.4245238908,-0.0700730623972,15.7566519325
49.5597255164,20.4246238908,-0.0701730623972,15.7933448176
49.5598255164,20.4247238908,-0.0702730623972,15.8300632048
49.5599255164,20.4248238908,-0.0703730623972,15.8633322749
49.5600255164,20.4249238908,-0.0704730623972,15.9001109964
49.5601255164,20.4250238908,-0.0705730623972,15.9367734034
49.5602255164,20.4251238908,-0.0706730623972,15.9733020798
49.5603255164,20.4252238908,-0.0707730623972,16.0067804538
49.5604255164,20.4253238908,-0.0708730623972,16.0434643199
49.5605255164,20.4254238908,-0.0709730623972,16.080148186
49.5606255164,20.4255238908,-0.0710730623972,16.1167228905
49.5607255164,20.4256238908,-0.0711730623972,16.1502553788
49.5608255164,20.4257238908,-0.0712730623972,16.1867716151
49.5609255164,20.4258238908,-0.0713730623972,16.2234915574
49.5610255164,20.4259238908,-0.0714730623972,16.2601937726
49.5611255164,20.4260238908,-0.0715730623972,16.2968763946
49.5612255164,20.4261238908,-0.0716730623972,16.33020922
49.5613255164,20.4262238908,-0.0717730623972,16.3669422243
49.5614255164,20.4263238908,-0.0718730623972,16.4035993443
49.5615255164,20.4264238908,-0.0719730623972,16.4402698373
49.5616255164,20.4265238908,-0.0720730623972,16.4736017297
49.5617255164,20.4266238908,-0.0721730623972,16.5104087523
49.5618255164,20.4267238908,-0.0722730623972,16.547012069
49.5619255164,20.4268238908,-0.0723730623972,16.5836520839
49.5620255164,20.4269238908,-0.0724730623972,16.6170623486
49.5621255164,20.4270238908,-0.0725730623972,16.6536958325
49.5622255164,20.4271238908,-0.0726730623972,16.690464602
49.5623255164,20.4272238908,-0.0727730623972,16.7270946648
49.5624255164,20.4273238908,-0.0728730623972,16.7605061735
49.5625255164,20.4274238908,-0.0729730623972,16.7804933043
49.5626255164,20.4275238908,-0.0730730623972,16.8171084391
49.5627255164,20.4276238908,-0.0731730623972,16.8505899231
49.5628255164,20.4277238908,-0.0732730623972,16.8870731933
49.5629255164,20.4278238908,-0.0733730623972,16.9238264127
49.5630255164,20.4279238908,-0.0734730623972,16.9604965947
49.5631255164,20.4280238908,-0.0735730623972,16.9938564772
49.5632255164,20.4281238908,-0.0736730623972,17.030481253
49.5633255164,20.4282238908,-0.0737730623972,17.0672008842
49.5634255164,20.4283238908,-0.0738730623972,17.1038841283
49.5635255164,20.4284238908,-0.0739730623972,17.1405714154
49.5636255164,20.4285238908,-0.0740730623972,17.1739247669
49.5637255164,20.4286238908,-0.0741730623972,17.2106378671
49.5638255164,20.4287238908,-0.0742730623972,17.2473254652
49.5639255164,20.4288238908,-0.0743730623972,17.2840354554
49.5640255164,20.4289238908,-0.0744730623972,17.3173514867
49.5641255164,20.4290238908,-0.0745730623972,17.3540418838
49.5642255134,20.4291238835,0.165757370319,17.3907226399
49.4324663065,20.2034191494,-0.00557798740558,17.4315440694
49.4325663065,20.2035191494,-0.00567798740558,17.4607629674
49.4490858337,20.199433101,0.0272178257284,17.5004679017
49.4623050318,20.2158906037,-0.0126493589468,17.5375927678
49.4624050318,20.2159906037,-0.0127493589468,17.5707001172
49.4625050318,20.2160906037,-0.0128493589468,17.6041486351
49.4626050318,20.2161906037,-0.0129493589468,17.6407000145
49.4627050318,20.2162906037,-0.0130493589468,17.677469717
49.4628050318,20.2163906037,-0.0131493589468,17.714127459
49.4629050318,20.2164906037,-0.0132493589468,17.750793287
49.4630050318,20.2165906037,-0.0133493589468,17.7841155383
49.4631050318,20.2166906037,-0.0134493589468,17.8208653367
49.4632050318,20.2167906037,-0.0135493589468,17.8575647528
49.4633050318,20.2168906037,-0.0136493589468,17.894271944
49.4634050318,20.2169906037,-0.0137493589468,17.9276290275
49.4635050318,20.2170906037,-0.0138493589468,17.9643691849
49.4636050318,20.2171906037,-0.0139493589468,18.0010207068
49.4637050318,20.2172906037,-0.0140493589468,18.0376765827
49.4638050318,20.2173906037,-0.0141493589468,18.0710187381
49.4639050318,20.2174906037,-0.0142493589468,18.091035103
49.4640050318,20.2175906037,-0.0143493589468,18.1276060756
49.4641050318,20.2176906037,-0.0144493589468,18.1611034207
49.4642050318,20.2177906037,-0.0145493589468,18.1977614737
49.4643050318,20.2178906037,-0.0146493589468,18.2345041191
49.4644050318,20.2179906037,-0.0147493589468,18.2712402334
49.4645050318,20.2180906037,-0.0148493589468,18.3045363606
49.4646050318,20.2181906037,-0.0149493589468,18.3245577015
49.4647050318,20.2182906037,-0.0150493589468,18.3611009949
49.4648050318,20.2183906037,-0.0151493589468,18.3945974071
49.4649050318,20.2184906037,-0.0152493589468,18.4311487865
49.4650050318,20.2185906037,-0.0153493589468,18.4678932979
49.4651050318,20.2186906037,-0.0154493589468,18.504593025
49.4652050318,20.2187906037,-0.0155493589468,18.541244547
49.4653050318,20.2188906037,-0.0156493589468,18.5745848364
49.4654050318,20.2189906037,-0.0157493589468,18.6113019796
49.4655050318,20.2190906037,-0.0158493589468,18.6479609656
49.4656050318,20.2191906037,-0.0159493589468,18.6846364346
49.4657050318,20.2192906037,-0.0160493589468,18.7180009821
49.4658050318,20.2193906037,-0.0161493589468,18.7547535795
49.4659050318,20.2194906037,-0.0162493589468,18.7914321586
49.4660050318,20.2195906037,-0.0163493589468,18.8281446368
49.4661050318,20.2196906037,-0.0164493589468,18.8615461935
49.4662050318,20.2197906037,-0.0165493589468,18.881468947
49.4663050318,20.2198906037,-0.0166493589468,18.9180551586
49.4664050318,20.2199906037,-0.0167493589468,18.9514781744
49.4665050318,20.2200906037,-0.0168493589468,18.9881212993
49.4666050318,20.2201906037,-0.0169493589468,19.0248005003
49.4667050318,20.2202906037,-0.0170493589468,19.0614355392
49.4668050318,20.2203906037,-0.0171493589468,19.0949192003
49.4669050318,20.2204906037,-0.0172493589468,19.1313838103
49.4670050318,20.2205906037,-0.0173493589468,19.1681544458
49.4671050318,20.2206906037,-0.0174493589468,19.204853551
49.4672050318,20.2207906037,-0.0175493589468,19.2383592931
49.4673050318,20.2208906037,-0.0176493589468,19.2582478364
49.4674050318,20.2209906037,-0.0177493589468,19.2949376116
49.4675050318,20.2210906037,-0.0178493589468,19.328293451
49.4676050318,20.2211906037,-0.0179493589468,19.3650301874
49.4677050318,20.2212906037,-0.0180493589468,19.4016677142
49.4678050318,20.2213906037,-0.0181493589468,19.4383916995
49.4486197007,20.3798957438,-0.0247132487277,19.4748102813
49.4487197007,20.3799957438,-0.0248132487277,19.5083023394
49.4488197007,20.3800957438,-0.0249132487277,19.545086037
49.4489197007,20.3801957438,-0.0250132487277,19.5818336584
49.4490197007,20.3802957438,-0.0251132487277,19.6183047995
49.4491197007,20.3803957438,-0.0252132487277,19.6518547039
49.4492197007,20.3804957438,-0.0253132487277,19.6885637611
49.4493197007,20.3805957438,-0.0254132487277,19.7250432992
49.4494196969,20.3806957346,0.0678097073944,19.7618329058
49.4495196969,20.3807957346,0.0677097073944,19.7950730527
49.4496196969,20.3808957346,0.0676097073944,19.8317758899
49.4497196969,20.3809957346,0.0675097073944,19.8686130797
49.4498196969,20.3810957346,0.0674097073944,19.9052123534
49.4499196969,20.3811957346,0.0673097073944,19.9386558952
49.4500196969,20.3812957346,0.0672097073944,19.9585500366
49.4501196969,20.3813957346,0.0671097073944,19.9951947165
49.4502196969,20.3814957346,0.0670097073944,20.0285412259
49.4503196969,20.3815957346,0.0669097073944,20.06523069
49.4504196969,20.3816957346,0.0668097073944,20.1019335272
49.4505196969,20.3817957346,0.0667097073944,20.1386139722
49.4506196969,20.3818957346,0.0666097073944,20.1720145959
49.4507196969,20.3819957346,0.0665097073944,20.2086698499
49.4508196969,20.3820957346,0.0664097073944,20.2454040982
49.4509196969,20.3821957346,0.0663097073944,20.2820696152
49.4510196969,20.3822957346,0.0662097073944,20.3187643663
49.4511196969,20.3823957346,0.0661097073944,20.3520850626
49.4512196969,20.3824957346,0.0660097073944,20.3888423251
49.4513196969,20.3825957346,0.0659097073944,20.425498512
49.4514196969,20.3826957346,0.0658097073944,20.4621425699
49.4515196969,20.3827957346,0.0657097073944,20.4955932648
49.4516196969,20.3828957346,0.0656097073944,20.5321648594
49.4517196969,20.3829957346,0.0655097073944,20.5689840111
49.4518196969,20.3830957346,0.0654097073944,20.6056025669
